 64 16 128 128  3  2  1  600  0   0
   4   56230.7  21885.  17550.
  0.0000      1    0    0  0.0000      0    1    0  0.0000      0    0    1
  0.5000     -1    0    0  0.0000      0   -1    0  0.5000      0    0    1
  0.0000     -1    0    0  0.5000      0    1    0  0.5000      0    0   -1
  0.5000      1    0    0  0.5000      0   -1    0  0.0000      0    0   -1



MPAR,IHORZ,IVERT,ISECT,NATOM,LIST,NOPKS   FAST
NSYM
  symmetry cards
 128 32 128 128 2  1  3  400  0   0
 64 16 32 32 2  1  3  400  0   0
45.9 40.7 30.1 90. 90. 90.
