     1 -0.1104  0.0014  0.4420  15.0  4
     2 -0.1036  0.0147  0.3966  15.0  5
     3 -0.0789  0.0388  0.4027  15.0  5
     4 -0.0731  0.0506  0.4392  20.0  3
     5 -0.1295  0.0300  0.3722  20.0  5
     6 -0.1523  0.0035  0.3646  23.0  5
     7 -0.1415  0.0585  0.3986  23.0  5
     8 -0.0639  0.0472  0.3659  15.0  4
     9 -0.0394  0.0693  0.3676  15.0  5
    10 -0.0364  0.0858  0.3224  15.0  5
    11 -0.0466  0.0751  0.2885  20.0  3
    12 -0.0117  0.0510  0.3782  20.0  5
    13 -0.0026  0.0264  0.3444  23.0  5
    14  0.0284  0.0146  0.3545  28.0  5
    15  0.0344 -0.0137  0.3236  35.0  5
    16  0.0657 -0.0223  0.3282  35.0  4
    17 -0.0207  0.1137  0.3223  15.0  4
    18 -0.0141  0.1314  0.2820  15.0  5
    19  0.0183  0.1288  0.2711  15.0  5
    20  0.0356  0.1249  0.3031  20.0  3
    21 -0.0204  0.1684  0.2875  20.0  5
    22 -0.0514  0.1763  0.3020  23.0  5
    23 -0.0715  0.1575  0.2952  25.0  3
    24 -0.0545  0.2042  0.3210  25.0  3
    25  0.0269  0.1319  0.2297  15.0  4
    26  0.0577  0.1335  0.2202  15.0  5
    27  0.0653  0.1249  0.1724  15.0  5
    28  0.0469  0.1194  0.1435  20.0  3
    29  0.0941  0.1246  0.1644  15.0  4
    30  0.1057  0.1165  0.1204  15.0  5
    31  0.1068  0.0799  0.1149  15.0  5
    32  0.1231  0.0629  0.1387  20.0  3
    33  0.1363  0.1302  0.1154  20.0  5
    34  0.1378  0.1675  0.1153  23.0  5
    35  0.1323  0.1851  0.0773  28.0  5
    36  0.1461  0.1845  0.1535  28.0  5
    37  0.1346  0.2194  0.0770  35.0  5
    38  0.1481  0.2184  0.1532  35.0  5
    39  0.1427  0.2352  0.1146  35.0  5
    40  0.1452  0.2694  0.1136  25.0  3
    41  0.0908  0.0667  0.0828  15.0  4
    42  0.0905  0.0313  0.0744  15.0  5
    43  0.1195  0.0211  0.0537  15.0  5
    44  0.1331  0.0386  0.0288  20.0  3
    45  0.0644  0.0216  0.0456  20.0  5
    46  0.0603  0.0431  0.0046  23.0  5
    47  0.0376  0.0202  0.0761  23.0  5
    48  0.0386  0.0292 -0.0286  28.0  5
    49  0.1282 -0.0094  0.0647  15.0  4
    50  0.1553 -0.0232  0.0467  15.0  5
    51  0.1513 -0.0586  0.0326  15.0  5
    52  0.1300 -0.0748  0.0454  20.0  3
    53  0.1799 -0.0224  0.0816  20.0  5
    54  0.1896  0.0131  0.0897  23.0  5
    55  0.1720 -0.0395  0.1245  23.0  5
    56  0.1711 -0.0709  0.0050  15.0  4
    57  0.1729 -0.1055 -0.0082  15.0  5
    58  0.1868 -0.1238  0.0315  15.0  5
    59  0.1915 -0.1114  0.0681  20.0  3
    60  0.1892 -0.1105 -0.0514  20.0  5
    61  0.2208 -0.1017 -0.0520  23.0  5
    62  0.2322 -0.0939 -0.0160  25.0  3
    63  0.2336 -0.1022 -0.0889  25.0  3
    64  0.1939 -0.1551  0.0229  15.0  4
    65  0.2060 -0.1767  0.0573  15.0  5
    66  0.2367 -0.1684  0.0687  15.0  5
    67  0.2476 -0.1857  0.0996  20.0  3
    68  0.2028 -0.2127  0.0420  20.0  5
    69  0.2222 -0.2212  0.0023  23.0  5
    70  0.1710 -0.2236  0.0372  23.0  5
    71  0.2190 -0.2057 -0.0348  25.0  3
    72  0.1581 -0.2212 -0.0007  25.0  3
    73  0.2514 -0.1469  0.0456  15.0  4
    74  0.2814 -0.1387  0.0567  15.0  5
    75  0.2847 -0.1018  0.0679  15.0  5
    76  0.3067 -0.0877  0.0637  20.0  3
    77  0.3035 -0.1498  0.0208  20.0  5
    78  0.3047 -0.1871  0.0161  23.0  5
    79  0.2978 -0.1337 -0.0239  23.0  5
    80  0.2600 -0.0864  0.0825  15.0  4
    81  0.2601 -0.0530  0.0990  15.0  5
    82  0.2635 -0.0267  0.0641  15.0  5
    83  0.2729  0.0001  0.0755  20.0  3
    84  0.2829 -0.0492  0.1366  20.0  5
    85  0.2772 -0.0196  0.1669  23.0  5
    86  0.2525 -0.0138  0.1816  25.0  3
    87  0.3002 -0.0017  0.1776  28.0  4
    88  0.2566 -0.0313  0.0200  15.0  4
    89  0.2506 -0.0369  0.0270  15.0  4
    90  0.2573 -0.0073 -0.0151  15.0  5
    91  0.2532 -0.0119 -0.0087  15.0  5
    92  0.2263  0.0062 -0.0240  15.0  5
    93  0.2238  0.0049 -0.0168  15.0  5
    94  0.2047 -0.0114 -0.0305  20.0  3
    95  0.2022 -0.0130 -0.0152  20.0  3
    96  0.2678 -0.0187 -0.0607  20.0  5
    97  0.2631 -0.0306 -0.0504  20.0  5
    98  0.3048 -0.0093 -0.0752  15.0  2
    99  0.2985 -0.0498 -0.0458  15.0  2
   100  0.2246  0.0378 -0.0236  15.0  4
   101  0.1976  0.0563 -0.0321  15.0  5
   102  0.1876  0.0534 -0.0798  15.0  5
   103  0.2035  0.0435 -0.1101  20.0  3
   104  0.2015  0.0924 -0.0179  20.0  5
   105  0.2279  0.1050 -0.0364  25.0  3
   106  0.2031  0.0959  0.0323  23.0  5
   107  0.1598  0.0624 -0.0872  15.0  4
   108  0.1454  0.0613 -0.1302  15.0  5
   109  0.1490  0.0941 -0.1545  15.0  5
   110  0.1363  0.1192 -0.1406  20.0  3
   111  0.1128  0.0552 -0.1249  20.0  5
   112  0.1025  0.0209 -0.1143  23.0  5
   113  0.1103  0.0051 -0.0757  28.0  5
   114  0.0830  0.0060 -0.1429  28.0  5
   115  0.0994 -0.0260 -0.0657  35.0  5
   116  0.0713 -0.0245 -0.1325  35.0  5
   117  0.0797 -0.0398 -0.0943  35.0  5
   118  0.0677 -0.0705 -0.0838  25.0  3
   119  0.1659  0.0944 -0.1898  15.0  4
   120  0.1689  0.1233 -0.2184  15.0  5
   121  0.1393  0.1321 -0.2375  15.0  5
   122  0.1221  0.1110 -0.2481  20.0  3
   123  0.1907  0.1153 -0.2564  20.0  5
   124  0.1920  0.1439 -0.2879  23.0  5
   125  0.2080  0.1716 -0.2766  28.0  5
   126  0.1759  0.1443 -0.3263  28.0  5
   127  0.2076  0.1995 -0.3038  35.0  5
   128  0.1751  0.1720 -0.3533  35.0  5
   129  0.1911  0.1995 -0.3415  35.0  5
   130  0.1343  0.1641 -0.2436  15.0  4
   131  0.1071  0.1752 -0.2625  15.0  5
   132  0.1110  0.2089 -0.2842  15.0  5
   133  0.1308  0.2268 -0.2742  20.0  3
   134  0.0840  0.1778 -0.2257  20.0  5
   135  0.0945  0.2050 -0.1794  15.0  2
   136  0.0896  0.2168 -0.3129  15.0  4
   137  0.0859  0.2494 -0.3313  15.0  5
   138  0.0552  0.2627 -0.3236  15.0  5
   139  0.0520  0.2930 -0.3189  20.0  3
   140  0.0339  0.2419 -0.3195  15.0  4
   141  0.0036  0.2531 -0.3156  15.0  5
   142 -0.0108  0.2423 -0.2735  15.0  5
   143 -0.0067  0.2141 -0.2582  20.0  3
   144 -0.0145  0.2388 -0.3536  20.0  5
   145 -0.0058  0.2496 -0.3998  23.0  5
   146 -0.0243  0.2328 -0.4352  28.0  5
   147 -0.0227  0.1971 -0.4348  35.0  4
   148  0.0011  0.1789 -0.4390  35.0  5
   149  0.0269  0.1928 -0.4454  35.0  4
   150 -0.0005  0.1464 -0.4357  35.0  4
   151 -0.0297  0.2626 -0.2550  15.0  4
   152 -0.0448  0.2531 -0.2147  15.0  5
   153 -0.0646  0.2243 -0.2210  15.0  5
   154 -0.0668  0.2025 -0.1917  20.0  3
   155 -0.0625  0.2825 -0.1975  20.0  5
   156 -0.0433  0.3090 -0.1791  23.0  5
   157 -0.0183  0.3034 -0.1660  25.0  3
   158 -0.0543  0.3392 -0.1775  28.0  4
   159 -0.0795  0.2222 -0.2591  15.0  4
   160 -0.1000  0.1956 -0.2666  15.0  5
   161 -0.0857  0.1620 -0.2659  15.0  5
   162 -0.0986  0.1378 -0.2517  20.0  3
   163 -0.1176  0.2000 -0.3093  20.0  5
   164 -0.0590  0.1605 -0.2838  15.0  4
   165 -0.0423  0.1298 -0.2833  15.0  5
   166 -0.0378  0.1191 -0.2359  15.0  5
   167 -0.0425  0.0900 -0.2238  20.0  3
   168 -0.0135  0.1348 -0.3076  20.0  5
   169  0.0081  0.1071 -0.2995  23.0  5
   170  0.0039  0.0765 -0.3192  28.0  5
   171  0.0312  0.1104 -0.2696  28.0  5
   172  0.0232  0.0510 -0.3119  35.0  5
   173  0.0498  0.0848 -0.2612  35.0  5
   174  0.0458  0.0556 -0.2826  35.0  5
   175  0.0642  0.0290 -0.2753  25.0  3
   176 -0.0283  0.1413 -0.2062  15.0  4
   177 -0.0239  0.1318 -0.1603  15.0  5
   178 -0.0522  0.1234 -0.1371  15.0  5
   179 -0.0528  0.1013 -0.1094  20.0  3
   180 -0.0085  0.1597 -0.1362  20.0  5
   181  0.0289  0.1653 -0.1522  15.0  2
   182 -0.0757  0.1411 -0.1474  15.0  4
   183 -0.1034  0.1324 -0.1266  15.0  5
   184 -0.1105  0.0965 -0.1366  15.0  5
   185 -0.1199  0.0786 -0.1069  20.0  3
   186 -0.1273  0.1557 -0.1413  20.0  5
   187 -0.1532  0.1526 -0.1104  23.0  5
   188 -0.1519  0.1628 -0.0724  25.0  3
   189 -0.1775  0.1396 -0.1265  28.0  4
   190 -0.1063  0.0864 -0.1774  15.0  4
   191 -0.1119  0.0523 -0.1908  15.0  5
   192 -0.0917  0.0288 -0.1665  15.0  5
   193 -0.1019  0.0038 -0.1493  20.0  3
   194 -0.1082  0.0480 -0.2408  20.0  5
   195 -0.1294  0.0636 -0.2723  23.0  5
   196 -0.1107  0.0121 -0.2547  23.0  5
   197 -0.1187  0.0664 -0.3198  28.0  5
   198 -0.1202  0.0051 -0.3016  28.0  5
   199 -0.0988  0.0486 -0.3354  25.0  3
   200 -0.1211  0.0287 -0.3280  25.0  3
   201 -0.1304  0.0877 -0.3443  25.0  3
   202 -0.1269 -0.0237 -0.3124  25.0  3
   203 -0.0632  0.0354 -0.1650  15.0  4
   204 -0.0433  0.0132 -0.1432  15.0  5
   205 -0.0504  0.0106 -0.0941  15.0  5
   206 -0.0479 -0.0160 -0.0733  20.0  3
   207 -0.0116  0.0232 -0.1513  20.0  5
   208 -0.0027  0.0188 -0.1999  23.0  5
   209 -0.0054 -0.0158 -0.2177  28.0  5
   210  0.0026 -0.0392 -0.1950  25.0  3
   211 -0.0168 -0.0200 -0.2552  25.0  3
   212 -0.0585  0.0375 -0.0724  15.0  4
   213 -0.0661  0.0374 -0.0260  15.0  5
   214 -0.0938  0.0175 -0.0166  15.0  5
   215 -0.0956 -0.0000  0.0167  20.0  3
   216 -0.0708  0.0725 -0.0096  20.0  5
   217 -0.0380  0.0975 -0.0092  15.0  2
   218 -0.1152  0.0202 -0.0459  15.0  4
   219 -0.1423  0.0019 -0.0398  15.0  5
   220 -0.1379 -0.0350 -0.0508  15.0  5
   221 -0.1531 -0.0557 -0.0300  20.0  3
   222 -0.1684  0.0170 -0.0633  20.0  5
   223 -0.1626  0.0171 -0.1090  25.0  3
   224 -0.1747  0.0524 -0.0487  23.0  5
   225 -0.1178 -0.0436 -0.0789  15.0  4
   226 -0.1108 -0.0783 -0.0884  15.0  5
   227 -0.1017 -0.0942 -0.0448  15.0  5
   228 -0.1072 -0.1242 -0.0368  20.0  3
   229 -0.0866 -0.0827 -0.1221  20.0  5
   230 -0.0946 -0.0762 -0.1701  23.0  5
   231 -0.0690 -0.0830 -0.2005  28.0  5
   232 -0.0749 -0.0742 -0.2488  35.0  5
   233 -0.0474 -0.0767 -0.2739  35.0  4
   234 -0.0859 -0.0763 -0.0157  15.0  4
   235 -0.0752 -0.0870  0.0272  15.0  5
   236 -0.0971 -0.0823  0.0644  15.0  5
   237 -0.0898 -0.0881  0.1038  20.0  3
   238 -0.0461 -0.0705  0.0385  20.0  5
   239 -0.0217 -0.0766  0.0058  23.0  5
   240  0.0043 -0.0542  0.0139  28.0  5
   241 -0.0115 -0.1123  0.0077  28.0  5
   242 -0.1239 -0.0732  0.0539  15.0  4
   243 -0.1477 -0.0689  0.0851  15.0  5
   244 -0.1457 -0.0377  0.1132  15.0  5
   245 -0.1602 -0.0344  0.1466  20.0  3
   246 -0.1542 -0.0995  0.1135  20.0  5
   247 -0.1611 -0.1297  0.0857  23.0  5
   248 -0.1280 -0.0142  0.0984  15.0  4
   249 -0.1285  0.0180  0.1192  15.0  5
   250 -0.1552  0.0370  0.1022  15.0  5
   251 -0.1707  0.0269  0.0718  20.0  3
   252 -0.1603  0.0645  0.1231  15.0  4
   253 -0.1846  0.0860  0.1121  15.0  5
   254 -0.1803  0.1042  0.0687  15.0  5
   255 -0.1991  0.1057  0.0398  20.0  3
   256 -0.1876  0.1122  0.1491  20.0  5
   257 -0.2114  0.1376  0.1410  23.0  5
   258 -0.2061  0.1702  0.1621  28.0  5
   259 -0.1861  0.1875  0.1496  25.0  3
   260 -0.2225  0.1786  0.1931  25.0  3
   261 -0.1544  0.1195  0.0634  15.0  4
   262 -0.1480  0.1418  0.0269  15.0  5
   263 -0.1159  0.1497  0.0286  15.0  5
   264 -0.1004  0.1391  0.0594  20.0  3
   265 -0.1654  0.1735  0.0336  20.0  5
   266 -0.1554  0.1913  0.0713  25.0  3
   267 -0.1053  0.1674 -0.0041  15.0  4
   268 -0.0753  0.1783 -0.0025  15.0  5
   269 -0.0688  0.2016 -0.0404  15.0  5
   270 -0.0879  0.2092 -0.0681  20.0  3
   271 -0.0414  0.2131 -0.0421  15.0  4
   272 -0.0331  0.2371 -0.0754  15.0  5
   273 -0.0006  0.2339 -0.0838  15.0  5
   274  0.0147  0.2159 -0.0603  20.0  3
   275 -0.0412  0.2726 -0.0604  20.0  5
   276 -0.0222  0.2853 -0.0232  23.0  5
   277 -0.0266  0.2762  0.0210  28.0  5
   278  0.0009  0.3067 -0.0314  28.0  5
   279 -0.0085  0.2865  0.0544  35.0  5
   280  0.0194  0.3171  0.0016  35.0  5
   281  0.0148  0.3068  0.0446  35.0  5
   282  0.0331  0.3167  0.0784  25.0  3
   283  0.0100  0.2502 -0.1183  15.0  4
   284  0.0408  0.2501 -0.1302  15.0  5
   285  0.0557  0.2790 -0.1082  15.0  5
   286  0.0499  0.3075 -0.1197  20.0  3
   287  0.0444  0.2523 -0.1806  20.0  5
   288  0.0815  0.2506 -0.1987  15.0  2
   289  0.0746  0.2720 -0.0754  15.0  4
   290  0.0913  0.2978 -0.0542  15.0  5
   291  0.1179  0.3047 -0.0837  15.0  5
   292  0.1386  0.2853 -0.0850  20.0  3
   293  0.1014  0.2877 -0.0077  20.0  5
   294  0.1207  0.3128  0.0154  23.0  5
   295  0.1046  0.3439  0.0259  28.0  5
   296  0.0838  0.3431  0.0527  25.0  3
   297  0.1112  0.3711  0.0037  35.0  4
   298  0.1173  0.3324 -0.1073  15.0  4
   299  0.1424  0.3420 -0.1331  15.0  5
   300  0.1653  0.3540 -0.1001  15.0  5
   301  0.1600  0.3697 -0.0669  20.0  3
   302  0.1347  0.3701 -0.1654  20.0  5
   303  0.1208  0.3573 -0.2064  23.0  5
   304  0.0945  0.3415 -0.2109  28.0  5
   305  0.1328  0.3575 -0.2508  28.0  5
   306  0.0898  0.3327 -0.2539  35.0  4
   307  0.1133  0.3415 -0.2792  35.0  5
   308  0.1590  0.3693 -0.2688  35.0  5
   309  0.1180  0.3378 -0.3248  35.0  5
   310  0.1637  0.3653 -0.3137  35.0  5
   311  0.1434  0.3498 -0.3413  35.0  5
   312  0.1923  0.3460 -0.1113  15.0  4
   313  0.2166  0.3587 -0.0845  15.0  5
   314  0.2161  0.3506 -0.0355  15.0  5
   315  0.2234  0.3692 -0.0067  20.0  3
   316  0.2216  0.3958 -0.0907  20.0  5
   317  0.2078  0.3199 -0.0250  15.0  4
   318  0.2116  0.3064  0.0193  15.0  5
   319  0.2447  0.3007  0.0242  15.0  5
   320  0.2612  0.3029 -0.0076  20.0  3
   321  0.1954  0.2738  0.0238  20.0  5
   322  0.2126  0.2463  0.0108  25.0  3
   323  0.2544  0.2916  0.0639  15.0  4
   324  0.2854  0.2836  0.0706  15.0  5
   325  0.2953  0.2545  0.0426  15.0  5
   326  0.3219  0.2494  0.0375  20.0  3
   327  0.2884  0.2761  0.1202  20.0  5
   328  0.2618  0.2906  0.1407  23.0  5
   329  0.2380  0.2895  0.1053  28.0  5
   330  0.2752  0.2364  0.0231  15.0  4
   331  0.2809  0.2073 -0.0039  15.0  5
   332  0.2746  0.2139 -0.0520  15.0  5
   333  0.2728  0.1910 -0.0792  20.0  3
   334  0.2614  0.1786  0.0125  20.0  5
   335  0.2584  0.1784  0.0625  23.0  5
   336  0.2825  0.1732  0.0888  28.0  5
   337  0.2318  0.1839  0.0836  28.0  5
   338  0.2807  0.1743  0.1346  35.0  5
   339  0.2296  0.1844  0.1294  35.0  5
   340  0.2541  0.1794  0.1545  35.0  5
   341  0.2521  0.1804  0.2004  25.0  3
   342  0.2715  0.2450 -0.0647  15.0  4
   343  0.2626  0.2535 -0.1102  15.0  5
   344  0.2295  0.2523 -0.1117  15.0  5
   345  0.2149  0.2523 -0.0764  20.0  3
   346  0.2170  0.2520 -0.1502  15.0  4
   347  0.1851  0.2494 -0.1527  15.0  5
   348  0.1762  0.2158 -0.1344  15.0  5
   349  0.1884  0.1905 -0.1480  20.0  3
   350  0.1745  0.2519 -0.1999  20.0  5
   351  0.1795  0.2848 -0.2231  23.0  5
   352  0.1902  0.3076 -0.2029  25.0  3
   353  0.1711  0.2855 -0.2653  28.0  4
   354  0.1550  0.2155 -0.1045  15.0  4
   355  0.1461  0.1845 -0.0837  15.0  5
   356  0.1145  0.1857 -0.0708  15.0  5
   357  0.1035  0.2114 -0.0546  20.0  3
   358  0.1641  0.1789 -0.0418  20.0  5
   359  0.0991  0.1582 -0.0753  15.0  4
   360  0.0690  0.1567 -0.0613  15.0  5
   361  0.0665  0.1561 -0.0095  15.0  5
   362  0.0822  0.1387  0.0140  20.0  3
   363  0.0543  0.1255 -0.0768  20.0  5
   364  0.0490  0.1224 -0.1372  15.0  2
   365  0.0456  0.1756  0.0064  15.0  4
   366  0.0383  0.1780  0.0539  15.0  5
   367  0.0064  0.1677  0.0581  15.0  5
   368 -0.0120  0.1795  0.0327  20.0  3
   369  0.0423  0.2132  0.0699  20.0  5
   370  0.0395  0.2178  0.1196  23.0  5
   371  0.0125  0.2211  0.1403  28.0  5
   372  0.0637  0.2170  0.1467  28.0  5
   373  0.0099  0.2250  0.1858  35.0  5
   374  0.0615  0.2207  0.1925  35.0  5
   375  0.0344  0.2242  0.2119  35.0  5
   376  0.0322  0.2286  0.2575  25.0  3
   377  0.0000  0.1459  0.0895  15.0  4
   378 -0.0290  0.1328  0.0954  15.0  5
   379 -0.0410  0.1406  0.1413  15.0  5
   380 -0.0253  0.1423  0.1748  20.0  3
   381 -0.0295  0.0954  0.0909  20.0  5
   382 -0.0139  0.0787  0.0406  15.0  2
   383 -0.0699  0.1439  0.1440  15.0  4
   384 -0.0858  0.1485  0.1854  15.0  5
   385 -0.1022  0.1170  0.1982  15.0  5
   386 -0.1153  0.1014  0.1697  20.0  3
   387 -0.1081  0.1762  0.1801  20.0  5
   388 -0.0940  0.2091  0.1727  23.0  5
   389 -0.0824  0.2264  0.2078  28.0  5
   390 -0.0935  0.2235  0.1309  28.0  5
   391 -0.0701  0.2575  0.2016  35.0  5
   392 -0.0810  0.2544  0.1243  35.0  5
   393 -0.0696  0.2708  0.1602  35.0  5
   394 -0.0583  0.3019  0.1534  25.0  3
   395 -0.1018  0.1102  0.2405  15.0  4
   396 -0.1196  0.0838  0.2598  15.0  5
   397 -0.1144  0.0501  0.2397  15.0  5
   398 -0.1344  0.0313  0.2308  20.0  3
   399 -0.1521  0.0929  0.2605  20.0  5
   400 -0.1585  0.1243  0.2853  23.0  5
   401 -0.1911  0.1306  0.2894  28.0  5
   402 -0.1962  0.1637  0.3116  35.0  5
   403 -0.0865  0.0416  0.2357  15.0  4
   404 -0.0785  0.0084  0.2246  15.0  5
   405 -0.0835 -0.0145  0.2637  15.0  5
   406 -0.0810 -0.0053  0.3019  20.0  3
   407 -0.0454  0.0072  0.2160  20.0  5
   408 -0.0347  0.0267  0.1764  23.0  5
   409 -0.0019  0.0322  0.1801  28.0  5
   410 -0.0411  0.0093  0.1326  28.0  5
   411 -0.0894 -0.0460  0.2546  15.0  4
   412 -0.0899 -0.0697  0.2909  15.0  5
   413 -0.0598 -0.0707  0.3139  15.0  5
   414 -0.0367 -0.0661  0.2942  20.0  3
   415 -0.0946 -0.1029  0.2667  20.0  5
   416 -0.1068 -0.0943  0.2224  23.0  5
   417 -0.0947 -0.0603  0.2110  28.0  5
   418 -0.0604 -0.0801  0.3564  15.0  4
   419 -0.0343 -0.0814  0.3834  15.0  5
   420 -0.0123 -0.1066  0.3675  15.0  5
   421  0.0132 -0.1039  0.3789  20.0  3
   422 -0.0427 -0.0887  0.4318  20.0  5
   423 -0.0593 -0.0624  0.4551  23.0  5
   424 -0.0571 -0.0331  0.4436  25.0  3
   425 -0.0739 -0.0705  0.4896  25.0  3
   426 -0.0218 -0.1311  0.3421  15.0  4
   427 -0.0015 -0.1559  0.3265  15.0  5
   428  0.0164 -0.1452  0.2868  15.0  5
   429  0.0386 -0.1614  0.2768  20.0  3
   430 -0.0178 -0.1879  0.3154  20.0  5
   431 -0.0401 -0.1850  0.2797  23.0  5
   432 -0.0695 -0.1871  0.2868  28.0  4
   433 -0.0366 -0.1820  0.2355  28.0  5
   434 -0.0831 -0.1844  0.2482  35.0  5
   435 -0.0639 -0.1818  0.2158  35.0  4
   436  0.0091 -0.1179  0.2644  15.0  4
   437  0.0252 -0.1069  0.2248  15.0  5
   438  0.0535 -0.0909  0.2377  15.0  5
   439  0.0537 -0.0707  0.2689  20.0  3
   440  0.0059 -0.0829  0.1976  20.0  5
   441  0.0225 -0.0661  0.1601  23.0  5
   442 -0.0208 -0.1000  0.1790  23.0  5
   443  0.0772 -0.0983  0.2153  15.0  4
   444  0.1049 -0.0828  0.2241  15.0  5
   445  0.1059 -0.0482  0.2046  15.0  5
   446  0.0990 -0.0431  0.1659  20.0  3
   447  0.1298 -0.1030  0.2038  20.0  5
   448  0.1598 -0.0927  0.2193  23.0  5
   449  0.1846 -0.1101  0.1943  28.0  5
   450  0.1904 -0.1438  0.2099  35.0  4
   451  0.2068 -0.1504  0.2452  35.0  5
   452  0.2189 -0.1260  0.2678  35.0  4
   453  0.2116 -0.1814  0.2569  35.0  4
   454  0.1157 -0.0251  0.2320  15.0  4
   455  0.1219  0.0082  0.2168  15.0  5
   456  0.1548  0.0145  0.2239  15.0  5
   457  0.1699 -0.0039  0.2466  20.0  3
   458  0.1027  0.0340  0.2385  20.0  5
   459  0.1025  0.0294  0.2860  25.0  3
   460  0.0718  0.0314  0.2205  23.0  5
   461  0.1651  0.0414  0.2046  15.0  4
   462  0.1961  0.0479  0.2044  15.0  5
   463  0.2097  0.0498  0.2497  15.0  5
   464  0.1993  0.0661  0.2805  20.0  3
   465  0.2006  0.0804  0.1788  20.0  5
   466  0.2325  0.0904  0.1729  23.0  5
   467  0.2489  0.0684  0.1407  28.0  5
   468  0.2798  0.0803  0.1336  35.0  5
   469  0.2960  0.0603  0.1004  35.0  4
   470  0.2344  0.0331  0.2546  15.0  4
   471  0.2527  0.0343  0.2944  15.0  5
   472  0.2830  0.0446  0.2818  15.0  5
   473  0.2893  0.0520  0.2430  20.0  3
   474  0.3027  0.0449  0.3140  15.0  4
   475  0.3324  0.0551  0.3054  15.0  5
   476  0.3477  0.0325  0.2732  15.0  5
   477  0.3421  0.0032  0.2705  20.0  3
   478  0.3470  0.0546  0.3514  20.0  5
   479  0.3283  0.0322  0.3790  23.0  5
   480  0.2979  0.0361  0.3609  28.0  5
   481  0.3678  0.0471  0.2477  15.0  4
   482  0.3851  0.0299  0.2147  15.0  5
   483  0.3770  0.0439  0.1698  15.0  5
   484  0.3512  0.0471  0.1577  20.0  3
   485  0.3989  0.0504  0.1424  15.0  4
   486  0.3943  0.0645  0.0988  15.0  5
   487  0.3885  0.0379  0.0643  15.0  5
   488  0.4031  0.0130  0.0620  20.0  3
   489  0.4209  0.0853  0.0860  20.0  5
   490  0.4151  0.1060  0.0449  23.0  5
   491  0.4333  0.1372  0.0418  28.0  5
   492  0.4247  0.1553  0.0018  35.0  4
   493  0.4375  0.1475 -0.0357  35.0  5
   494  0.4586  0.1257 -0.0363  35.0  4
   495  0.4289  0.1615 -0.0734  35.0  4
   496  0.3676  0.0446  0.0351  15.0  4
   497  0.3659  0.0443  0.0384  15.0  4
   498  0.3601  0.0222 -0.0016  15.0  5
   499  0.3596  0.0293 -0.0039  15.0  5
   500  0.3493  0.0459 -0.0364  15.0  5
   501  0.3521  0.0562 -0.0376  15.0  5
   502  0.3290  0.0655 -0.0265  20.0  3
   503  0.3347  0.0789 -0.0312  20.0  3
   504  0.3380 -0.0040  0.0126  20.0  5
   505  0.3339  0.0049 -0.0032  20.0  5
   506  0.3301 -0.0331 -0.0310  15.0  2
   507  0.3274 -0.0139 -0.0567  15.0  2
   508  0.3631  0.0486 -0.0766  15.0  4
   509  0.3559  0.0715 -0.1120  15.0  5
   510  0.3538  0.0536 -0.1560  15.0  5
   511  0.3279  0.0461 -0.1701  20.0  3
   512  0.3786  0.0992 -0.1119  20.0  5
   513  0.3736  0.1258 -0.1449  23.0  5
   514  0.3484  0.1448 -0.1442  28.0  4
   515  0.3897  0.1366 -0.1794  28.0  5
   516  0.3499  0.1660 -0.1772  35.0  5
   517  0.3743  0.1621 -0.1992  35.0  4
   518  0.3770  0.0463 -0.1757  25.0  3
   519  0.3968 -0.0534 -0.0812  20.0  3
   520  0.4012 -0.0079 -0.0967  20.0  3
   521  0.4180  0.0147 -0.0810  20.0  3
   522  0.4461  0.0580 -0.0863  20.0  3
   523  0.0508 -0.0149  0.4932  20.0  3
   524  0.0124 -0.0260  0.4688  20.0  3
   525 -0.0100 -0.0014  0.4826  20.0  3
   526  0.1430  0.0768  0.3043  20.0  3
   527  0.1487  0.0477  0.3357  20.0  3
   528  0.3657 -0.0963  0.0665  20.0  3
   529  0.3957 -0.0505  0.0233  20.0  3
   530  0.3592 -0.0944  0.0294  20.0  3
   531  0.3786 -0.1079 -0.0393  20.0  3
   532  0.3491 -0.1007 -0.1076  20.0  3
   533  0.0241  0.3502 -0.2884  20.0  3
   534  0.0222  0.3446 -0.2274  20.0  3
   535  0.0257  0.3565 -0.1754  20.0  3
   536 -0.0174  0.3983 -0.1692  20.0  3
   537  0.0196  0.3686 -0.1188  20.0  3
   538  0.0723  0.3853 -0.0921  20.0  3
   539  0.0468  0.3845 -0.0406  20.0  3
   540 -0.0000  0.4004 -0.0334  20.0  3
   541  0.3937  0.1101  0.2790  20.0  3
   542  0.3740  0.1176  0.2426  20.0  3
   543  0.3855  0.1529  0.1983  20.0  3
   544  0.3692  0.1386  0.1369  20.0  3
   545  0.3390  0.1162  0.1959  20.0  3
   546  0.3172  0.1167  0.2220  20.0  3
   547  0.2820  0.1307  0.2576  20.0  3
   548  0.2074 -0.1268 -0.1599  20.0  3
   549  0.1521 -0.1829  0.1510  20.0  3
   550  0.1679 -0.2120  0.1613  20.0  3
   551  0.3885  0.1959 -0.2862  20.0  3
   552  0.4229  0.1865 -0.2972  20.0  3
   553  0.2427 -0.0737  0.2832  20.0  3
   554  0.2330 -0.0555  0.2582  20.0  3
   555  0.2173 -0.0509  0.2354  20.0  3
   556 -0.1912  0.0188  0.2282  20.0  3
   557 -0.1647 -0.0261  0.2430  20.0  3
   558 -0.2274  0.0186  0.0434  20.0  3
   559 -0.2134 -0.0225  0.0277  20.0  3
   560  0.5018  0.0292  0.1205  20.0  3
   561  0.4604 -0.0039  0.0956  20.0  3
   562  0.1276  0.0972 -0.0160  20.0  3
   563  0.2959 -0.0369  0.2952  20.0  3
   564  0.2767  0.0776  0.0076  20.0  3
   565  0.3366  0.1064  0.0652  20.0  3
   566 -0.2434  0.2397  0.2249  20.0  3
   567 -0.1326  0.2483 -0.0989  20.0  3
   568  0.1156  0.0461 -0.2408  20.0  3
   569  0.2496  0.1779 -0.1654  20.0  3
   570 -0.2197  0.1267 -0.0470  20.0  3
   571  0.1304  0.1271  0.2447  20.0  3
   572  0.2125  0.1276 -0.1174  20.0  3
   573  0.3340  0.1454 -0.0096  20.0  3
   574 -0.0876  0.2775 -0.3175  20.0  3
   575 -0.2669  0.1492  0.2321  20.0  3
   576 -0.0002 -0.0615 -0.1128  20.0  3
   577  0.2960  0.1278 -0.0872  20.0  3
   578  0.2701  0.0682 -0.1228  20.0  3
   579 -0.1454  0.2541  0.0405  20.0  3
   580  0.0493  0.1734 -0.3548  20.0  3
   581 -0.0155  0.2501  0.3005  20.0  3
   582 -0.1202 -0.0870  0.3948  20.0  3
   583  0.4580  0.0354  0.1776  20.0  3
   584  0.3673  0.1880 -0.0634  20.0  3
   585  0.2895 -0.1005 -0.1289  20.0  3
   586 -0.0958  0.1277  0.3741  20.0  3
   587  0.0769 -0.0634  0.0834  20.0  3
   588  0.1243 -0.1408  0.0880  20.0  3
   589 -0.0292  0.3296 -0.2904  20.0  3
   590  0.0729 -0.1439  0.1373  20.0  3
   591 -0.0673 -0.1535  0.1167  20.0  3
   592 -0.0048  0.1408  0.4114  20.0  3
   593 -0.1415  0.2392 -0.1930  20.0  3
   594 -0.1527 -0.0500  0.4556  20.0  3
   595  0.3587 -0.0315  0.1421  20.0  3
   596 -0.1244  0.1947  0.3088  20.0  3
   597 -0.0495  0.0122 -0.3179  20.0  3
   598 -0.1676  0.2459  0.1808  20.0  3
   599  0.0760  0.2300  0.3120  20.0  3
   600  0.1539  0.3066  0.1825  20.0  3
   601  0.0160 -0.1880  0.1806  20.0  3
   602  0.2256  0.4224 -0.2267  20.0  3
   603 -0.1616  0.1372 -0.2467  20.0  3
   604 -0.1275  0.0449  0.5112  20.0  3
   605  0.3132  0.3030  0.2379  20.0  3
   606  0.1462  0.4358 -0.0544  20.0  3
   607 -0.0987  0.2476  0.3287  20.0  3
   608 -0.1352  0.2972 -0.2517  20.0  3
   609  0.0334 -0.0864 -0.2424  20.0  3
   610  0.3883  0.1857  0.0811  20.0  3
   611  0.3520  0.1466  0.3422  20.0  3
   612 -0.1978  0.0515 -0.1742  20.0  3
   613  0.0517  0.3234 -0.4176  20.0  3
   614  0.2488  0.4367  0.0039  20.0  3
   615 -0.0133 -0.1762  0.0932  20.0  3
   616 -0.0961 -0.0349  0.5501  20.0  3
   617  0.0771  0.0877  0.3350  20.0  3
   618 -0.2345  0.0480  0.1817  20.0  3
   619  0.0825 -0.1060 -0.0110  20.0  3
   620 -0.0946 -0.1802  0.0356  20.0  3
   621 -0.0820 -0.0553 -0.3501  20.0  3
   622 -0.0954 -0.1510  0.3557  20.0  3
   623 -0.2003 -0.0906 -0.0858  20.0  3
   624 -0.0054 -0.1413 -0.1097  20.0  3
   625  0.1080  0.0977 -0.3490  20.0  3
   626  0.0909  0.1600  0.3194  20.0  3
   627 -0.2224 -0.0404 -0.2052  20.0  3
   628 -0.1744 -0.0430 -0.1595  20.0  3
   629  0.1798  0.3862  0.0536  20.0  3
   630 -0.1495  0.1419  0.4154  20.0  3
   631 -0.2456  0.1132 -0.1207  20.0  3
   632  0.0417  0.2823 -0.4883  20.0  3
   633 -0.2213  0.0483  0.3262  20.0  3
   634  0.2647 -0.2474  0.0796  20.0  3
   635  0.2418  0.2804 -0.3184  20.0  3
   636 -0.0639  0.0971 -0.4011  20.0  3
   637  0.0511 -0.1348  0.0662  20.0  3
   638 -0.0040  0.2105  0.3952  20.0  3
   639  0.3036  0.2286  0.2344  20.0  3
   640 -0.1580  0.0364 -0.4161  20.0  3
   641 -0.1692 -0.0805  0.3115  20.0  3
   642  0.2557  0.3678  0.2018  20.0  3
   643 -0.0246  0.0836  0.4831  20.0  3
   644 -0.1072  0.1431 -0.4024  20.0  3
   645  0.1491  0.2622 -0.3658  20.0  3
   646  0.0423  0.0801 -0.4365  20.0  3
   647  0.1940  0.1561  0.2468  20.0  3
