  0.34476  0.29323  0.00488      0.05    1    0
  0.49113  0.93477  0.04945      0.05    2    0
  0.35233  0.96213  0.03824      0.05    3    0
  0.19495  0.37240  0.00930      0.04    4    0
  0.36038  0.31438  0.20443      0.04    5    0
  0.99219  0.96094  0.21875      0.04    6    1
  0.48584  0.36327  0.12783      0.04    7    0
  0.20971  0.01121  0.05850      0.03    8    0
  0.93475  0.53432  0.03282      0.03    9    0
  0.19884  0.25911  0.03558      0.03   10    0
  0.74727  0.48644  0.15656      0.03   11    0
  0.72697  0.12820  0.01291      0.03   12    0
  0.68209  0.13097  0.05700      0.03   13    0
  0.77671  0.59497  0.02156      0.03   14    0
  0.61202  0.47759  0.04027      0.03   15    0
  0.40715  0.59248  0.04700      0.03   16    0
  0.42701  0.76495  0.13902      0.03   17    0
  0.53108  0.79563  0.01293      0.03   18    0
  0.63860  0.49373  0.01662      0.03   19    0
  0.16406  0.29688  0.00000      0.03   20    1
  0.66406  0.20312  0.00000      0.03   21    1
  0.83742  0.11874  0.19185      0.03   22    0
  0.39618  0.89446  0.20416      0.03   23    0
  0.86744  0.23615  0.17195      0.03   24    0
  0.40625  0.55469  0.21875      0.03   25    1
  0.98438  0.92188  0.00000      0.03   26    1
  0.48438  0.57812  0.00000      0.03   27    1
  0.74385  0.48934  0.08172      0.03   28    0
  0.24867  0.72525  0.00952      0.03   29    0
  0.30319  0.53131  0.02421      0.03   30    0
  0.36803  0.31440  0.15400      0.03   31    0
  0.53906  0.45312  0.06250      0.03   32    1
  0.97656  0.96875  0.09375      0.03   33    1
  0.32812  0.82812  0.15625      0.03   34    1
  0.19481  0.87644  0.07331      0.03   35    0
  0.04579  0.66519  0.03333      0.03   36    0
  0.63281  0.49219  0.06250      0.03   37    1
  0.49362  0.04369  0.13302      0.03   38    0
  0.59375  0.67969  0.20312      0.03   39    1
  0.82812  0.24219  0.15625      0.03   40    1
  0.39667  0.50465  0.01967      0.03   41    0
  0.18856  0.78527  0.11810      0.03   42    0
  0.78906  0.86719  0.20312      0.03   43    1
  0.48445  0.26368  0.16796      0.03   44    0
  0.84162  0.44179  0.10578      0.03   45    0
  0.88281  0.38281  0.04688      0.03   46    1
  0.03068 -0.00225  0.04819      0.03   47    0
  0.90575  0.09944  0.12312      0.03   48    0
  0.48438  0.90625  0.04688      0.03   49    1
  0.58682  0.39229  0.02082      0.03   50    0
  0.26648  0.71917  0.20876      0.03   51    0
  0.06029  0.27701  0.05212      0.03   52    0
  0.82812  0.39062  0.06250      0.03   53    1
  0.94531  0.41406  0.10938      0.03   54    1
  0.99041  0.32994  0.01671      0.03   55    0
  0.87500  0.95312  0.15625      0.03   56    1
  0.26517  0.23487  0.00338      0.03   57    0
  0.31250  0.29688  0.23438      0.03   58    1
  0.79688  0.71875  0.23438      0.03   59    1
  0.24219  0.00781  0.04688      0.03   60    1
  0.78722  0.93513  0.08380      0.03   61    0
  0.52344  0.08594  0.06250      0.03   62    1
  0.76562  0.20312  0.10938      0.03   63    1
  0.52344  0.94531  0.17188      0.03   64    1
  0.21875  0.91406  0.00000      0.02   65    1
  0.71875  0.58594  0.00000      0.02   66    1
  0.08594  0.78125  0.03125      0.02   67    1
  0.93750  0.84375  0.15625      0.02   68    1
  0.92188  0.53906  0.10938      0.02   69    1
  0.69531  0.12500  0.17188      0.02   70    1
  0.72012  0.06171  0.16112      0.02   71    0
  0.65625  0.03906  0.01562      0.02   72    1
  0.90180  0.24913  0.17892      0.02   73    0
  0.71875  0.47656  0.17188      0.02   74    1
  0.30469  0.83594  0.04688      0.02   75    1
  0.49219  0.00781  0.23438      0.02   76    1
  0.46875  0.10938  0.20312      0.02   77    1
  0.16408  0.40479  0.11396      0.02   78    0
  0.49964  0.80714  0.12736      0.02   79    0
  0.32031  0.99219  0.15625      0.02   80    1
  0.68750  0.76562  0.10938      0.02   81    1
  0.75000  0.68750  0.12500      0.02   82    1
  0.35938  0.57812  0.17188      0.02   83    1
  0.94531  0.65625  0.14062      0.02   84    1
  0.00770  0.03396  0.01507      0.02   85    0
  0.53125  0.89062  0.10938      0.02   86    1
  0.11719  0.13281  0.14062      0.02   87    1
  0.13266  0.58506  0.23335      0.02   88    0
  0.30469  0.56250  0.10938      0.02   89    1
  0.89994  0.75657  0.01117      0.02   90    0
  0.53906  0.55469  0.15625      0.02   91    1
  0.75000  0.89844  0.10938      0.02   92    1
  0.92969  0.80469  0.17188      0.02   93    1
  0.74219  0.83594  0.15625      0.02   94    1
  0.01562  0.99219  0.21875      0.02   95    1
  0.43711  0.73687  0.23000      0.02   96    0
  0.61719  0.08594  0.03125      0.02   97    1
  0.78906  0.51562  0.10938      0.02   98    1
  0.92969  0.36719  0.23438      0.02   99    1
  0.07300  0.14074  0.04158      0.02  100    0
  0.21828  0.67165  0.14565      0.02  101    0
  0.50781  0.60156  0.15625      0.02  102    1
  0.37500  0.31250  0.06250      0.02  103    1
  0.16533  0.35825  0.22157      0.02  104    0
  0.42969  0.85156  0.15625      0.02  105    1
  0.05630  0.43907  0.20503      0.02  106    0
  0.89062  0.25000  0.01562      0.02  107    1
  0.72191  0.68307  0.11134      0.02  108    0
  0.94531  0.16406  0.21875      0.02  109    1
  0.99219  0.71875  0.07812      0.02  110    1
  0.61048  0.03996  0.08868      0.02  111    0
  0.35156  0.82812  0.03125      0.02  112    1
  0.14844  0.45312  0.06250      0.02  113    1
  0.87500  0.50000  0.06250      0.02  114    1
  0.34140  0.57398  0.06370      0.02  115    0
  0.82031  0.60156  0.04688      0.02  116    1
  0.22632  0.42937  0.23704      0.02  117    0
  0.17969  0.83594  0.06250      0.02  118    1
  0.36719  0.76562  0.07812      0.02  119    1
  0.55469  0.18750  0.12500      0.02  120    1
  0.09375  0.66406  0.15625      0.02  121    1
  0.42969  0.96094  0.20312      0.02  122    1
  0.13281  0.15625  0.00000      0.02  123    1
  0.09375  0.14844  0.15625      0.02  124    1
  0.63281  0.34375  0.00000      0.02  125    1
  0.36719  0.82812  0.23438      0.02  126    1
  0.50169  0.29401  0.01367      0.02  127    0
  0.10803  0.35719  0.09616      0.02  128    0
  0.78906  0.58594  0.20312      0.02  129    1
  0.47656  0.71875  0.09375      0.02  130    1
  0.92188  0.89844  0.04688      0.02  131    1
  0.64062  0.71875  0.10938      0.02  132    1
  0.42188  0.78906  0.18750      0.02  133    1
  0.32812  0.50000  0.15625      0.02  134    1
  0.03125  0.79688  0.25000      0.02  135    1
  0.96875  0.29688  0.25000      0.02  136    1
  0.81250  0.12500  0.03125      0.02  137    1
  0.64062  0.85156  0.10938      0.02  138    1
  0.21908  0.03110  0.03484      0.02  139    0
  0.22322  0.93090  0.19024      0.02  140    0
  0.98438  0.24219  0.23438      0.02  141    1
  0.87500  0.38281  0.14062      0.02  142    1
  0.17991  0.95628  0.19608      0.02  143    0
  0.27344  0.61719  0.12500      0.02  144    1
  0.71875  0.32031  0.09375      0.02  145    1
  0.76562  0.67969  0.15625      0.02  146    1
  0.95312  0.08594  0.18750      0.02  147    1
  0.82812  0.73438  0.03125      0.02  148    1
  0.15625  0.07812  0.21875      0.02  149    1
  0.55469  0.19531  0.23438      0.02  150    1
  0.51562  0.23438  0.20312      0.02  151    1
  0.05469  0.80469  0.00000      0.02  152    1
  0.55469  0.69531  0.00000      0.02  153    1
  0.04688  0.87500  0.23438      0.02  154    1
  0.66406  0.35938  0.21875      0.02  155    1
  0.25000  0.96094  0.01562      0.02  156    1
  0.02344  0.23438  0.01562      0.02  157    1
  0.32818  0.44333  0.00048      0.02  158    0
  0.63281  0.99219  0.09375      0.02  159    1
  0.98961  0.07826  0.03464      0.02  160    0
  0.03906  0.61719  0.17188      0.02  161    1
  0.60156  0.97656  0.03125      0.02  162    1
  0.76208  0.80420  0.20496      0.02  163    0
  0.86643  0.62362  0.12461      0.02  164    0
  0.95312  0.71875  0.03125      0.02  165    1
  0.95312  0.71094  0.07812      0.02  166    1
  0.28125  0.03906  0.10938      0.02  167    1
  0.53906  0.29688  0.10938      0.02  168    1
  0.63281  0.67969  0.06250      0.02  169    1
  0.60156  0.80469  0.04688      0.02  170    1
  0.52233  0.28152  0.15820      0.02  171    0
  0.41406  0.60156  0.15625      0.02  172    1
  0.88281  0.82812  0.20312      0.02  173    1
  0.19531  0.36719  0.14062      0.02  174    1
  0.79416  0.16251  0.21905      0.02  175    0
  0.56710  0.43176  0.13141      0.02  176    0
  0.41406  0.32031  0.06250      0.02  177    1
  0.78906  0.47656  0.06250      0.02  178    1
  0.05469  0.65625  0.23438      0.02  179    1
  0.42969  0.14062  0.21875      0.02  180    1
  0.18750  0.91406  0.01562      0.02  181    1
  0.36719  0.49219  0.01562      0.02  182    1
  0.53344  0.25898  0.20608      0.02  183    0
  0.32812  0.09375  0.20312      0.02  184    1
  0.10599  0.05400  0.03679      0.02  185    0
  0.28906  0.99219  0.03125      0.02  186    1
  0.46875  0.32031  0.18750      0.02  187    1
  0.66406  0.75000  0.23438      0.02  188    1
  0.40756  0.03255  0.09028      0.02  189    0
  0.42188  0.63281  0.23438      0.02  190    1
  0.43750  0.50000  0.14062      0.02  191    1
  0.68750  0.64844  0.25000      0.02  192    1
  0.31250  0.14844  0.25000      0.02  193    1
  0.78125  0.12500  0.23438      0.02  194    1
  0.64844  0.29688  0.18750      0.02  195    1
  0.81250  0.87500  0.03125      0.02  196    1
  0.67188  0.67969  0.10938      0.02  197    1
  0.91406  0.21094  0.18750      0.02  198    1
  0.62500  0.76562  0.10938      0.02  199    1
  0.47656  0.39844  0.15625      0.02  200    1
  0.90625  0.98438  0.14062      0.02  201    1
  0.88912  0.62028  0.04545      0.02  202    0
  0.82203  0.32089  0.02938      0.02  203    0
  0.84230  0.31218  0.02135      0.02  204    0
  0.70312  0.92969  0.10938      0.02  205    1
  0.69531  0.00781  0.06250      0.02  206    1
  0.18750  0.27344  0.25000      0.02  207    1
  0.81250  0.77344  0.25000      0.02  208    1
  0.92969  0.96875  0.07812      0.02  209    1
  0.25781  0.75781  0.01562      0.02  210    1
  0.58594  0.18750  0.23438      0.02  211    1
  0.10938  0.71875  0.09375      0.02  212    1
  0.60054  0.44474  0.18008      0.02  213    0
  0.30469  0.72656  0.09375      0.02  214    1
  0.03906  0.29688  0.06250      0.02  215    1
  0.61224  0.12433  0.11771      0.02  216    0
  0.96875  0.43750  0.15625      0.02  217    1
  0.83594  0.52344  0.18750      0.02  218    1
  0.21875  0.75781  0.18750      0.02  219    1
  0.50000  0.59375  0.04688      0.02  220    1
  0.14844  0.85156  0.01562      0.02  221    1
  0.85156  0.63281  0.17188      0.02  222    1
  0.72656  0.94531  0.04688      0.02  223    1
  0.04688  0.78906  0.10938      0.02  224    1
  0.80469  0.08594  0.20312      0.02  225    1
  0.00000  0.37500  0.09375      0.02  226    1
  0.46094  0.63281  0.06250      0.02  227    1
  0.17188  0.56250  0.10938      0.02  228    1
  0.37500  0.29688  0.15625      0.02  229    1
  0.49219  0.44531  0.04688      0.02  230    1
  0.66406  0.17969  0.01562      0.02  231    1
  0.93750  0.08594  0.09375      0.02  232    1
  0.28906  0.02344  0.23438      0.02  233    1
  0.78125  0.40625  0.25000      0.02  234    1
  0.21875  0.90625  0.25000      0.02  235    1
  0.17188  0.00781  0.12500      0.02  236    1
  0.37500  0.62500  0.18750      0.02  237    1
  0.03894  0.40773  0.00517      0.02  238    0
  0.00781  0.62500  0.20312      0.02  239    1
  0.30469  0.42188  0.03125      0.02  240    1
  0.17027  0.14912  0.01239      0.02  241    0
  0.54688  0.44531  0.15625      0.02  242    1
  0.21875  0.11719  0.18750      0.02  243    1
  0.36416  0.92869  0.07175      0.02  244    0
  0.42969  0.10938  0.06250      0.02  245    1
  0.50000  0.75781  0.09375      0.02  246    1
  0.76562  0.58594  0.04688      0.02  247    1
  0.86719  0.75781  0.04688      0.02  248    1
  0.24219  0.62500  0.10938      0.02  249    1
  0.57031  0.42969  0.21875      0.02  250    1
  0.94531  0.71094  0.14062      0.02  251    1
  0.17969  0.87500  0.14062      0.02  252    1
  0.82812  0.58594  0.12500      0.02  253    1
  0.99219  0.03906  0.15625      0.02  254    1
  0.42969  0.61719  0.18750      0.02  255    1
  0.04688  0.04688  0.01562      0.02  256    1
  0.71875  0.21875  0.09375      0.02  257    1
  0.71875  0.53125  0.07812      0.02  258    1
  0.25000  0.47656  0.01562      0.02  259    1
  0.78906  0.55469  0.21875      0.02  260    1
  0.96875  0.52344  0.12500      0.02  261    1
  0.82168  0.43096  0.13841      0.02  262    0
  0.85156  0.77344  0.23438      0.02  263    1
  0.94531  0.70312  0.09375      0.02  264    1
  0.58594  0.46875  0.18750      0.02  265    1
  0.42969  0.35938  0.17188      0.02  266    1
  0.43750  0.31250  0.21875      0.02  267    1
  0.03125  0.15625  0.14062      0.02  268    1
  0.28906  0.64062  0.07812      0.02  269    1
  0.36719  0.75000  0.25000      0.02  270    1
  0.63281  0.25000  0.25000      0.02  271    1
  0.28258  0.55914  0.18221      0.02  272    0
  0.00000  0.16406  0.25000      0.02  273    1
  0.57031  0.72656  0.25000      0.02  274    1
  0.00000  0.66406  0.25000      0.02  275    1
  0.42969  0.22656  0.25000      0.02  276    1
  0.81250  0.95312  0.20312      0.02  277    1
  0.71875  0.97656  0.01562      0.02  278    1
  0.85156  0.95312  0.18750      0.02  279    1
  0.93750  0.82812  0.09375      0.02  280    1
  0.99219  0.89062  0.17188      0.02  281    1
  0.71875  0.88281  0.17188      0.02  282    1
  0.14062  0.79688  0.09375      0.02  283    1
  0.22658  0.43502  0.20260      0.02  284    0
  0.08594  0.37500  0.21875      0.02  285    1
  0.05469  0.89062  0.18750      0.02  286    1
  0.36719  0.99219  0.18750      0.02  287    1
  0.78125  0.46875  0.17188      0.02  288    1
  0.96094  0.60156  0.12500      0.02  289    1
  0.00000  0.72656  0.23438      0.02  290    1
  0.50781  0.03906  0.04688      0.02  291    1
  0.47656  0.59375  0.14062      0.02  292    1
  0.60156  0.35938  0.04688      0.02  293    1
  0.88281  0.53125  0.07812      0.02  294    1
  0.07031  0.53125  0.07812      0.02  295    1
  0.46094  0.63281  0.17188      0.02  296    1
  0.33594  0.63281  0.07812      0.02  297    1
  0.30469  0.07031  0.17188      0.02  298    1
  0.74219  0.75781  0.18750      0.02  299    1
  0.21094  0.07031  0.14062      0.02  300    1
  0.64062  0.35938  0.12500      0.02  301    1
  0.71094  0.01562  0.17188      0.02  302    1
  0.03125  0.07031  0.25000      0.02  303    1
  0.96875  0.57031  0.25000      0.02  304    1
  0.50781  0.54688  0.15625      0.02  305    1
  0.41406  0.23438  0.09375      0.02  306    1
  0.42188  0.96094  0.14062      0.02  307    1
  0.92969  0.35938  0.12500      0.02  308    1
  0.95312  0.91406  0.06250      0.02  309    1
  0.79688  0.15625  0.15625      0.02  310    1
  0.71094  0.22656  0.07812      0.02  311    1
  0.94531  0.91406  0.15625      0.02  312    1
  0.00781  0.21875  0.09375      0.02  313    1
  0.92790  0.70599  0.20664      0.02  314    0
  0.08594  0.28125  0.18750      0.02  315    1
  0.89062  0.46875  0.20312      0.02  316    1
  0.49924  0.83061  0.16881      0.02  317    0
  0.80469  0.86719  0.12500      0.02  318    1
  0.08594  0.78125  0.12500      0.02  319    1
  0.50000  0.42969  0.10938      0.02  320    1
  0.53906  0.67188  0.15625      0.02  321    1
  0.39844  0.79688  0.09375      0.02  322    1
  0.82812  0.72656  0.20312      0.02  323    1
  0.72656  0.73438  0.21875      0.02  324    1
  0.21094  0.14844  0.07812      0.02  325    1
  0.17969  0.53125  0.14062      0.02  326    1
  0.67969  0.54688  0.09375      0.02  327    1
  0.70312  0.96094  0.03125      0.02  328    1
  0.39062  0.53125  0.20312      0.02  329    1
  0.67969  0.49219  0.21875      0.02  330    1
  0.12500  0.52344  0.06250      0.02  331    1
  0.23438  0.92188  0.04688      0.02  332    1
  0.40812  0.70184  0.20313      0.02  333    0
  0.63281  0.00781  0.15625      0.02  334    1
  0.75781  0.17969  0.00000      0.02  335    1
  0.06250  0.24219  0.10938      0.02  336    1
  0.25781  0.32031  0.00000      0.02  337    1
  0.10938  0.79688  0.09375      0.02  338    1
  0.39062  0.48438  0.07812      0.02  339    1
  0.34375  0.09375  0.10938      0.02  340    1
  0.03906  0.78906  0.23438      0.02  341    1
  0.83594  0.38281  0.09375      0.02  342    1
  0.60156  0.92969  0.10938      0.02  343    1
  0.17136  0.31563  0.05703      0.02  344    0
  0.92188  0.47656  0.18750      0.02  345    1
  0.95312  0.54688  0.07812      0.02  346    1
  0.61719  0.46875  0.17188      0.02  347    1
  0.50000  0.26562  0.09375      0.02  348    1
  0.10156  0.82812  0.23438      0.02  349    1
  0.34375  0.97656  0.10938      0.02  350    1
  0.59375  0.87500  0.09375      0.02  351    1
  0.10156  0.86719  0.23438      0.02  352    1
  0.39062  0.32031  0.03125      0.02  353    1
  0.59375  0.07031  0.03125      0.02  354    1
  0.73438  0.14062  0.23438      0.02  355    1
  0.67188  0.03125  0.18750      0.02  356    1
  0.00781  0.12500  0.15625      0.02  357    1
  0.82812  0.00000  0.21875      0.02  358    1
  0.71094  0.97656  0.18750      0.02  359    1
  0.35938  0.78125  0.18750      0.02  360    1
  0.71875  0.78125  0.01562      0.02  361    1
  0.31250  0.03906  0.03125      0.02  362    1
  0.37500  0.53125  0.10938      0.02  363    1
  0.36719  0.26562  0.06250      0.02  364    1
  0.25000  0.10938  0.17188      0.02  365    1
  0.09375  0.87500  0.01562      0.02  366    1
  0.91906  0.20964  0.01658      0.02  367    0
  0.86495  0.10852  0.18553      0.02  368    0
  0.60938  0.87500  0.23438      0.02  369    1
  0.14844  0.85938  0.06250      0.02  370    1
  0.94531  0.67188  0.23438      0.02  371    1
  0.22656  0.56250  0.06250      0.02  372    1
  0.94395  0.42133  0.04278      0.02  373    0
  0.75000  0.42188  0.14062      0.02  374    1
  0.32031  0.90625  0.20312      0.02  375    1
  0.17188  0.81250  0.18750      0.02  376    1
  0.71976  0.56009  0.01301      0.02  377    0
  0.49089  0.19560  0.16255      0.02  378    0
  0.35156  0.85938  0.23438      0.02  379    1
  0.24219  0.00781  0.21875      0.02  380    1
  0.95312  0.01562  0.01562      0.02  381    1
  0.15625  0.75000  0.20312      0.02  382    1
  0.24219  0.91406  0.17188      0.02  383    1
  0.54688  0.35156  0.06250      0.02  384    1
  0.54688  0.64844  0.17188      0.02  385    1
  0.68750  0.22656  0.25000      0.02  386    1
  0.31250  0.72656  0.25000      0.02  387    1
  0.28906  0.35938  0.15625      0.02  388    1
  0.55469  0.25781  0.06250      0.02  389    1
  0.02344  0.84375  0.04688      0.02  390    1
  0.94531  0.34375  0.21875      0.02  391    1
  0.56250  0.63281  0.20312      0.02  392    1
  0.22656  0.64062  0.17188      0.02  393    1
  0.17969  0.17188  0.23438      0.02  394    1
  0.62500  0.34375  0.06250      0.02  395    1
  0.21094  0.01562  0.10938      0.02  396    1
  0.83404  0.63446  0.02435      0.02  397    0
  0.46875  0.70312  0.01562      0.02  398    1
  0.61719  0.39062  0.03125      0.02  399    1
  0.82031  0.72656  0.04688      0.02  400    1
  0.11719  0.30469  0.01562      0.02  401    1
  0.34375  0.90625  0.10938      0.02  402    1
  0.89844  0.54688  0.06250      0.02  403    1
  0.03125  0.51562  0.06250      0.02  404    1
  0.53906  0.47656  0.21875      0.02  405    1
  0.99219  0.96094  0.12500      0.02  406    1
  0.51562  0.41406  0.04688      0.02  407    1
  0.23438  0.10156  0.21875      0.02  408    1
  0.51562  0.75000  0.03125      0.02  409    1
  0.32031  0.17188  0.12500      0.02  410    1
  0.25781  0.57031  0.17188      0.02  411    1
  0.62500  0.52344  0.10938      0.02  412    1
  0.16406  0.28906  0.07812      0.02  413    1
  0.75000  0.57812  0.15625      0.02  414    1
  0.42969  0.32031  0.15625      0.02  415    1
  0.26562  0.24219  0.15625      0.02  416    1
  0.80469  0.86719  0.07812      0.02  417    1
  0.12500  0.33594  0.06250      0.02  418    1
  0.43750  0.16406  0.15625      0.02  419    1
  0.42188  0.83594  0.04688      0.02  420    1
  0.94531  0.15625  0.03125      0.02  421    1
  0.62500  0.62500  0.04688      0.02  422    1
  0.07031  0.89062  0.07812      0.02  423    1
  0.61719  0.37500  0.09375      0.02  424    1
  0.85156  0.38281  0.17188      0.02  425    1
  0.32812  0.55469  0.12500      0.02  426    1
  0.48438  0.01562  0.01562      0.02  427    1
  0.01562  0.15625  0.21875      0.02  428    1
  0.87500  0.09375  0.07812      0.02  429    1
  0.37500  0.79688  0.23438      0.02  430    1
  0.51562  0.03906  0.15625      0.02  431    1
  0.46875  0.75000  0.07812      0.02  432    1
  0.88281  0.41406  0.03125      0.02  433    1
  0.22656  0.85938  0.14062      0.02  434    1
  0.85156  0.33594  0.06250      0.02  435    1
  0.82031  0.92188  0.21875      0.02  436    1
  0.22656  0.67188  0.07812      0.02  437    1
  0.78906  0.15625  0.25000      0.02  438    1
  0.21094  0.65625  0.25000      0.02  439    1
  0.07812  0.03906  0.07812      0.02  440    1
  0.25000  0.64062  0.01562      0.02  441    1
  0.62500  0.79688  0.06250      0.02  442    1
  0.66406  0.14844  0.23438      0.02  443    1
  0.98438  0.14844  0.06250      0.02  444    1
  0.90625  0.90625  0.17188      0.02  445    1
  0.15625  0.75000  0.06250      0.02  446    1
  0.03906  0.05469  0.17188      0.02  447    1
  0.60938  0.60156  0.23438      0.02  448    1
  0.96875  0.44531  0.20312      0.02  449    1
  0.95312  0.35156  0.23438      0.02  450    1
  0.82812  0.11719  0.23438      0.02  451    1
  0.26562  0.93750  0.18750      0.02  452    1
  0.08637  0.59471  0.14040      0.02  453    0
  0.91406  0.53125  0.07812      0.02  454    1
  0.21094  0.30469  0.20312      0.02  455    1
  0.98438  0.92188  0.04688      0.02  456    1
  0.38281  0.78125  0.17188      0.02  457    1
  0.66406  0.27344  0.04688      0.02  458    1
  0.38281  0.21875  0.17188      0.02  459    1
  0.32812  0.40625  0.04688      0.02  460    1
  0.61719  0.11719  0.14062      0.02  461    1
  0.73338  0.19418  0.19283      0.02  462    0
  0.24219  0.36719  0.09375      0.02  463    1
  0.34375  0.47656  0.07812      0.02  464    1
  0.01562  0.65625  0.18750      0.02  465    1
  0.35938  0.50781  0.17188      0.02  466    1
  0.85156  0.47656  0.12500      0.02  467    1
  0.60938  0.61719  0.10938      0.02  468    1
  0.37500  0.17969  0.01562      0.02  469    1
  0.82812  0.74219  0.12500      0.02  470    1
  0.50781  0.16406  0.04688      0.02  471    1
  0.14844  0.03906  0.07812      0.02  472    1
  0.64864  0.75893  0.15104      0.02  473    0
  0.17188  0.42188  0.10938      0.02  474    1
  0.00781  0.12500  0.21875      0.02  475    1
  0.60938  0.21094  0.03125      0.02  476    1
  0.43750  0.86719  0.00000      0.02  477    1
  0.93750  0.63281  0.00000      0.02  478    1
  0.42969  0.69531  0.00000      0.02  479    1
  0.40625  0.81250  0.12500      0.02  480    1
  0.92969  0.80469  0.00000      0.02  481    1
  0.71094  0.34375  0.23438      0.02  482    1
  0.46094  0.52344  0.15625      0.02  483    1
  0.60156  0.63281  0.15625      0.02  484    1
  0.81250  0.39844  0.12500      0.02  485    1
  0.60156  0.52344  0.21875      0.02  486    1
  0.52344  0.25781  0.04688      0.02  487    1
  0.74219  0.92969  0.18750      0.02  488    1
  0.56250  0.57031  0.21875      0.02  489    1
  0.36719  0.57031  0.10938      0.02  490    1
  0.92188  0.70312  0.06250      0.02  491    1
  0.07031  0.33594  0.03125      0.02  492    1
  0.00000  0.37500  0.17188      0.02  493    1
  0.29688  0.23438  0.01562      0.02  494    1
  0.48438  0.00781  0.18750      0.02  495    1
  0.17188  0.64062  0.07812      0.02  496    1
  0.00781  0.75781  0.10938      0.02  497    1
  0.19531  0.67188  0.23438      0.02  498    1
  0.35156  0.21875  0.18750      0.02  499    1
  0.35156  0.70312  0.23438      0.02  500    1
  0.84375  0.20312  0.10938      0.02  501    1
  0.32812  0.10156  0.07812      0.02  502    1
  0.25000  0.71875  0.07812      0.02  503    1
  0.05469  0.35938  0.10938      0.02  504    1
  0.43750  0.25781  0.04688      0.02  505    1
  0.18750  0.91406  0.07812      0.02  506    1
  0.52344  0.55469  0.06250      0.02  507    1
  0.89062  0.97656  0.21875      0.02  508    1
  0.36719  0.03125  0.20312      0.02  509    1
  0.27344  0.67969  0.23438      0.02  510    1
  0.74219  0.21094  0.10938      0.02  511    1
  0.03125  0.83594  0.15625      0.02  512    1
  0.73438  0.75781  0.23438      0.02  513    1
  0.85938  0.77344  0.20312      0.02  514    1
  0.16406  0.04688  0.03125      0.02  515    1
  0.87500  0.73438  0.10938      0.02  516    1
  0.55469  0.40625  0.09375      0.02  517    1
  0.90625  0.56250  0.14062      0.02  518    1
  0.50781  0.81250  0.04688      0.02  519    1
  0.96094  0.23438  0.07812      0.02  520    1
  0.24219  0.25000  0.03125      0.02  521    1
  0.31250  0.96094  0.17188      0.02  522    1
  0.77344  0.75000  0.03125      0.02  523    1
  0.80469  0.29688  0.07812      0.02  524    1
  0.05469  0.92188  0.18750      0.02  525    1
  0.89062  0.16406  0.23438      0.02  526    1
  0.03125  0.89062  0.00000      0.02  527    1
  0.53125  0.60938  0.00000      0.02  528    1
  0.00781  0.72656  0.04688      0.02  529    1
  0.69531  0.49219  0.14062      0.02  530    1
  0.24219  0.78906  0.03125      0.02  531    1
  0.17188  0.69531  0.01562      0.02  532    1
  0.27344  0.49219  0.20312      0.02  533    1
  0.40625  0.39844  0.12500      0.02  534    1
  0.17188  0.13281  0.09375      0.02  535    1
  0.21875  0.46875  0.21875      0.02  536    1
  0.75781  0.46094  0.14062      0.02  537    1
  0.38281  0.68750  0.10938      0.02  538    1
  0.14844  0.55469  0.12500      0.02  539    1
  0.57031  0.80469  0.06250      0.02  540    1
  0.53125  0.46875  0.01562      0.02  541    1
  0.74219  0.67969  0.21875      0.02  542    1
  0.68750  0.65625  0.03125      0.02  543    1
  0.13281  0.46875  0.18750      0.02  544    1
  0.65625  0.64844  0.23438      0.02  545    1
  0.40625  0.02344  0.23438      0.02  546    1
  0.10156  0.19531  0.09375      0.02  547    1
  0.07031  0.38281  0.17188      0.02  548    1
  0.01562  0.32812  0.15625      0.02  549    1
  0.39844  0.85156  0.21875      0.02  550    1
  0.05469  0.95312  0.18750      0.02  551    1
  0.34375  0.02344  0.15625      0.02  552    1
  0.25102  0.64710  0.07370      0.02  553    0
  0.25781  0.80469  0.20312      0.02  554    1
  0.05469  0.40625  0.20312      0.02  555    1
  0.26562  0.19531  0.10938      0.02  556    1
  0.50781  0.46094  0.12500      0.02  557    1
  0.31250  0.20312  0.09375      0.02  558    1
  0.64062  0.67188  0.23438      0.02  559    1
  0.60156  0.81250  0.23438      0.02  560    1
  0.38281  0.03906  0.00000      0.02  561    1
  0.64844  0.95312  0.14062      0.02  562    1
  0.87500  0.03125  0.10938      0.02  563    1
  0.21094  0.48438  0.20312      0.02  564    1
  0.30469  0.62500  0.21875      0.02  565    1
  0.88281  0.46094  0.00000      0.02  566    1
  0.60938  0.46875  0.12500      0.02  567    1
  0.06250  0.13281  0.17188      0.02  568    1
  0.82812  0.50781  0.00000      0.02  569    1
  0.32812  0.99219  0.00000      0.02  570    1
  0.07812  0.24219  0.06250      0.02  571    1
  0.21875  0.31250  0.25000      0.02  572    1
  0.83594  0.06250  0.04688      0.02  573    1
  0.78125  0.81250  0.25000      0.02  574    1
  0.67188  0.28125  0.14062      0.02  575    1
  0.89062  0.10156  0.03125      0.02  576    1
  0.53906  0.80469  0.20312      0.02  577    1
  0.25000  0.83594  0.04688      0.02  578    1
  0.05864  0.42005  0.04432      0.02  579    0
  0.75781  0.13281  0.00000      0.02  580    1
  0.99219  0.28125  0.14062      0.02  581    1
  0.71094  0.82812  0.23438      0.02  582    1
  0.92188  0.38281  0.04688      0.02  583    1
  0.25781  0.36719  0.00000      0.02  584    1
  0.82812  0.28125  0.06250      0.02  585    1
  0.17969  0.00000  0.00000      0.02  586    1
  0.73438  0.17188  0.09375      0.02  587    1
  0.67969  0.50000  0.00000      0.02  588    1
  0.50781  0.78906  0.18750      0.02  589    1
  0.04688  0.26562  0.15625      0.02  590    1
  0.40625  0.98438  0.06250      0.02  591    1
  0.02344  0.47656  0.15625      0.02  592    1
  0.60938  0.00781  0.23438      0.02  593    1
  0.64062  0.46094  0.15625      0.02  594    1
  0.58594  0.38281  0.09375      0.02  595    1
  0.63281  0.10938  0.06250      0.02  596    1
  0.25781  0.32812  0.07812      0.02  597    1
  0.48438  0.10938  0.15625      0.02  598    1
  0.73438  0.63281  0.10938      0.02  599    1
  0.89844  0.08594  0.20312      0.02  600    1
