   4.9651861457992050E-315  0.25247144699096680       0.28918457031250000     
   5.1542521832306065E-315  0.44611001014709473       0.77225875854492188     
   5.1918894322015143E-315  0.82881188392639160       0.84289693832397461     
   5.2222251221440444E-315   7.3001861572265625E-002  0.94465136528015137     
   5.0289590326573464E-315  0.86358308792114258       0.24423670768737793     
   5.1982807049213684E-315  0.78395628929138184       0.95471405982971191     
   5.1860560188836926E-315  0.43491625785827637       0.64136838912963867     
   5.1493322380040677E-315   5.0463676452636719E-002  0.14456796646118164     
   5.1911524443589258E-315  0.11534810066223145       0.65907406806945801     
   5.1196394460425321E-315  0.89255309104919434       0.14053606986999512     
   5.1605267378822870E-315  0.50448179244995117       0.82592773437500000     
   5.2062834616769499E-315  0.10903358459472656       0.52834129333496094     
   5.1112215160434373E-315  0.53826069831848145       0.54870343208312988     
   5.0958446121347910E-315  0.12628507614135742       0.47711825370788574     
   4.9525658910428429E-315  0.25872755050659180       0.43717551231384277     
   5.1397829372012481E-315  0.99140334129333496       0.51698207855224609     
   5.1005095404375724E-315   4.4265985488891602E-002  0.97931838035583496     
   5.2077262519385613E-315  0.37905383110046387       0.76145958900451660     
   5.1684153457110533E-315  0.37935757637023926       0.86610722541809082     
   5.1809154832275986E-315  0.28219985961914062       0.93308186531066895     
   5.2203194318975313E-315   8.4825754165649414E-002  0.66671681404113770     
   5.1867385014042318E-315  0.62379288673400879        8.9767932891845703E-002
   5.1833157727108503E-315  0.62710785865783691       0.80292797088623047     
   5.1541483899197282E-315  0.18459844589233398       0.54804587364196777     
   5.0630655304220660E-315  0.72995018959045410       0.27551078796386719     
   5.1979693249887334E-315  0.21488714218139648       0.60943675041198730     
   5.1417602274411564E-315  0.22319793701171875       0.28823781013488770     
   5.1887625104916109E-315  0.82274246215820312       0.83407044410705566     
   5.2172885565491795E-315  0.81255245208740234       0.57268428802490234     
   5.1829602825973546E-315  0.58575391769409180       0.76706957817077637     
   5.1879243775300058E-315  0.84933137893676758       0.71303224563598633     
   5.0505069350583049E-315  0.39980721473693848       0.56256127357482910     
   5.2185963680763471E-315  0.40264296531677246       0.22284913063049316     
   5.1559129552551631E-315  0.63029432296752930       0.35966491699218750     
   5.1655920569844581E-315  0.26624417304992676       0.76751685142517090     
   5.1873093646140626E-315  0.50041961669921875       0.55610966682434082     
   5.1863570432003907E-315  0.95168328285217285       0.94180321693420410     
   5.1803675446637348E-315  0.24240994453430176       0.18422126770019531     
   5.1965187482525435E-315  0.15563988685607910       0.84268665313720703     
   5.2176388688547067E-315  0.32775545120239258       0.58612132072448730     
   5.1305692848355872E-315  0.91113495826721191       0.44534444808959961     
   5.1417135085936857E-315  0.85551762580871582       0.68734192848205566     
   5.1548801604290966E-315  0.27825474739074707       0.62874674797058105     
   5.2190712639751297E-315  0.54547357559204102       0.77439689636230469     
   5.1594265129768760E-315  0.73245954513549805       0.44927120208740234     
   5.2219049083176617E-315  0.82400274276733398        1.6420602798461914E-002
   5.1525136255107687E-315  0.31579184532165527       0.51669287681579590     
   5.1706728699852828E-315  0.81723332405090332       0.24273753166198730     
   5.1700138259389823E-315  0.40663504600524902       0.31898570060729980     
   5.2191854524271965E-315  0.12079882621765137       0.26766538619995117     
   5.1876544991116215E-315  0.48947143554687500       0.54712533950805664     
   5.1254936101174792E-315  0.26717805862426758       0.46333932876586914     
   5.2108531341232131E-315  0.38512325286865234       0.77028608322143555     
   5.1785406875316722E-315  0.63980698585510254       0.23807454109191895     
   4.9776103553072973E-315  0.56002902984619141       0.41024899482727051     
   5.0663663632393055E-315  0.55896687507629395       0.55800318717956543     
   5.0458986069159111E-315  0.19841837882995605       0.81817960739135742     
   5.2147429327155470E-315  0.73541212081909180        7.5042009353637695E-002
   5.1902701616912084E-315  0.66965222358703613       0.84745478630065918     
   5.2121791272661476E-315  0.81674289703369141       0.99892544746398926     
   5.1812502225839689E-315  0.21894907951354980       0.87925505638122559     
   5.1811334649905437E-315  0.38054823875427246       0.87477588653564453     
   5.1417187259269058E-315  0.11859321594238281       0.19855260848999023     
   5.1595458792369113E-315  0.78319787979125977       0.20711612701416016     
   5.1905296844936559E-315  0.97720980644226074       0.96851921081542969     
   5.1903713858607283E-315  0.92959976196289062       0.78467011451721191     
   5.2181292981773946E-315   4.9039363861083984E-002  0.20493292808532715     
   5.1663964749063910E-315   4.2958498001098633E-002   5.1665306091308594E-003
   5.2087771888551431E-315  0.92466235160827637       0.80177068710327148     
   5.1839982552313896E-315  0.81598448753356934       0.25132727622985840     
   5.1857238881939322E-315  0.76124262809753418       0.20640587806701660     
   5.2065118385810835E-315  0.25968432426452637       0.51487803459167480     
   5.1881631100500763E-315   5.2284240722656250E-002  0.74441170692443848     
   5.1885860697681681E-315  0.93360328674316406        7.1746587753295898E-002
   5.0450682604288844E-315  0.93690681457519531       0.59396672248840332     
   5.1555185722940268E-315  0.63655066490173340       0.50765585899353027     
   5.1511227319045964E-315  0.81153750419616699       0.51224017143249512     
   5.0666155304258162E-315  0.71587371826171875       0.69253110885620117     
   5.1628102697721136E-315  0.25773525238037109       0.75861144065856934     
   5.2123659631307789E-315  0.75818443298339844       0.80609178543090820     
   5.1776532665812380E-315  0.65388345718383789       0.82105422019958496     
   5.1530896665285679E-315  0.51718091964721680       0.26107430458068848     
   5.1783798197573863E-315  0.48446416854858398       0.39054441452026367     
   5.1128717743510504E-315  0.36727738380432129       0.83119583129882812     
   5.1796046282560526E-315  0.57030010223388672        3.6256551742553711E-002
   5.1937136411417152E-315  0.77094197273254395       0.22397994995117188     
   5.1427982396004430E-315  0.83831310272216797       0.53036665916442871     
   5.0623806368611750E-315   4.8456192016601562E-002  0.40555953979492188     
   5.2060161919251756E-315   1.2249231338500977E-002  0.87364506721496582     
   5.1548334415816258E-315  0.91057443618774414        2.7850866317749023E-002
   5.1980757269662217E-315   9.8562240600585938E-004  0.56907320022583008     
   5.1629919278287765E-315  0.46538043022155762       0.65098381042480469     
   5.2089847754768998E-315  0.97070837020874023       0.69862222671508789     
   5.2005642368111949E-315  0.29046344757080078       0.82008123397827148     
   5.1982210217913507E-315  0.73321795463562012       0.19686937332153320     
   5.2174312822329501E-315  0.28170919418334961       0.68926978111267090     
   4.9958792428299366E-315  0.43665575981140137       0.87659072875976562     
   5.0906965271556286E-315  0.88354229927062988       0.69687843322753906     
   5.1268739900067080E-315  0.25622963905334473       0.45435523986816406     
   5.1809985257813516E-315  0.70061826705932617       0.29182243347167969     
   5.2099397055571818E-315  0.78252053260803223       0.82413935661315918     
   5.2087434738154709E-315  0.50467991828918457       0.15603232383728027     
   5.1141693093127845E-315  0.25172424316406250       0.73252630233764648     
   5.2166423977349224E-315  0.30673408508300781       0.28123378753662109     
   5.1972972376093826E-315   7.8312873840332031E-002  0.20587992668151855     
   5.1083462911361512E-315  0.66632604598999023       0.94335484504699707     
   5.1833780645074780E-315  0.94092154502868652        7.1983337402343750E-002
   5.2227441084610618E-315  0.30323243141174316       0.42890930175781250     
   4.9718289176954180E-315  0.77549457550048828       0.73761034011840820     
   5.1708182438609152E-315  0.18334937095642090       0.55663561820983887     
   5.1219747560120429E-315   8.4557771682739258E-002  0.16293096542358398     
   5.1852957111426204E-315  0.35377240180969238       0.85664963722229004     
   5.1427774493180660E-315  0.78601074218750000       0.48552393913269043     
   5.2208461849265014E-315  0.48916769027709961       0.44247770309448242     
   5.0999697836008038E-315  0.36433601379394531       0.39636492729187012     
   5.1622445843702512E-315  0.58249735832214355        3.6651134490966797E-002
   5.2131781675272903E-315  0.10083961486816406       0.81502342224121094     
   5.0510052694313262E-315  0.55671405792236328       0.69708895683288574     
   5.1424660693854311E-315   1.4762878417968750E-003  0.81288528442382812     
   5.1511590951361303E-315  0.65306639671325684        9.0714693069458008E-002
   5.1433587076690854E-315  0.25047540664672852       0.74111628532409668     
   5.0181221572562128E-315  0.20085763931274414       0.81825852394104004     
   5.1846236237632696E-315  0.21719837188720703       0.45309257507324219     
   5.1103807348899705E-315  0.22913885116577148       0.14064121246337891     
   5.2154616994171169E-315  0.60734677314758301       0.68039059638977051     
   5.1243725158791879E-315  0.85501575469970703       0.25258994102478027     
   5.2139981979236318E-315  0.23272180557250977       0.35758709907531738     
   5.2009898051958967E-315  0.43485784530639648       0.65862679481506348     
   5.1220993396052982E-315  0.24146461486816406       0.29745864868164062     
   5.2132897473127471E-315  0.41308951377868652       0.79708123207092285     
   5.1368386221540476E-315  0.80878281593322754       0.21657371520996094     
   5.2097295102688151E-315  0.47339892387390137       0.41607713699340820     
   5.1898446328317582E-315  0.52525782585144043        8.9092254638671875E-003
   5.1587777454960090E-315  0.84801244735717773       0.54794073104858398     
   5.1853917179789202E-315   8.7568759918212891E-002  0.77144336700439453     
   5.1453464325754339E-315   8.4209442138671875E-003  0.53479290008544922     
   5.1851737362159751E-315  0.98922038078308105       0.82974934577941895     
   5.2221161510251976E-315  0.97465348243713379        2.9573440551757812E-003
   5.2018124047335966E-315  0.82981562614440918       0.71240115165710449     
   5.2149193734389898E-315  0.62455129623413086       0.83736586570739746     
   5.1770305067159680E-315   8.4814310073852539E-002  0.47577691078186035     
   5.0184541693702182E-315  0.30546236038208008       0.90794372558593750     
   5.2032863408935219E-315  0.25674295425415039        8.0047130584716797E-002
   5.1783123896780419E-315   6.4481735229492188E-002  0.74480605125427246     
   5.2080505961537432E-315  0.26350092887878418       0.66279029846191406     
   5.2110477564624228E-315  0.11579155921936035       0.11108446121215820     
   5.1844990796952660E-315  0.58957052230834961       0.91498184204101562     
   5.2108090239423523E-315  0.91283845901489258        7.9705238342285156E-002
   4.9372870097583315E-315   5.5774688720703125E-002  0.40579628944396973     
   5.2006888204044503E-315  0.91809105873107910       0.35819220542907715     
   4.9499072645146936E-315   4.9518346786499023E-002  0.25780534744262695     
   5.2079234434191295E-315  0.37279772758483887       0.61346864700317383     
   5.1817691891383606E-315  0.83406424522399902       0.12138390541076660     
   5.2223237376469543E-315   6.6745758056640625E-002  0.79666042327880859     
   5.0991394371137771E-315  0.31828975677490234       0.49951338768005371     
   5.1190165280762555E-315  0.10801839828491211       0.46789741516113281     
   5.2006810339298718E-315  0.12886428833007812       0.82456016540527344     
   5.2181682305502869E-315  0.99517297744750977       0.87309265136718750     
   5.2085177055779473E-315  0.61710476875305176       0.68070626258850098     
   5.2058059966368089E-315  0.70312738418579102       0.46558284759521484     
   5.0919626000170355E-315  0.93115234375000000       0.88072776794433594     
   5.2141201333250254E-315  0.59727382659912109       0.38448739051818848     
   4.9756182826232654E-315  0.24621510505676270       0.14119338989257812     
   5.1687215083104682E-315  0.90081667900085449        2.7535200119018555E-002
   5.0891395484419503E-315  0.15287399291992188       0.35608029365539551     
   5.1072667774626140E-315  0.30646610260009766       0.77744793891906738     
   5.1958544473477712E-315  0.80829238891601562       0.97276163101196289     
   5.2156459661403898E-315  0.28571271896362305       0.97634625434875488     
   5.1066544522637842E-315  0.78500699996948242       0.61601996421813965     
   5.0380511053488787E-315  0.47713446617126465       0.19936776161193848     
   5.1989891160070014E-315  0.60358858108520508       0.51521992683410645     
   5.0289172939915857E-315  0.60050749778747559       0.73302602767944336     
   5.1959478850427127E-315  0.27901315689086914       0.37634468078613281     
   5.2145975983651664E-315   3.1800270080566406E-003  0.44724607467651367     
   5.0584986247434195E-315  0.85332345962524414       0.80916905403137207     
   5.1949280544991930E-315  0.89031171798706055       0.47056150436401367     
   5.0859841685508464E-315  0.16538643836975098       0.65206217765808105     
   5.2223029868898289E-315  0.85753655433654785       0.61729001998901367     
   5.1976190126832061E-315  0.69968438148498535       0.59599971771240234     
   5.1863959755732830E-315  0.89781689643859863       0.60996270179748535     
   5.2155032404566192E-315  0.81655597686767578       0.85976099967956543     
   5.1935475560342092E-315  0.93410515785217285       0.50649881362915039     
   5.1824853866985720E-315  0.44292330741882324       0.21552181243896484     
   5.1861675986691493E-315  0.74716615676879883       0.62342619895935059     
   5.1798952969568139E-315  0.30253243446350098       0.66405272483825684     
   5.1166500722084309E-315  0.12678694725036621       0.91187047958374023     
   5.1773003060838490E-315  0.76474428176879883        5.8730363845825195E-002
   5.1759457757092106E-315  0.10201883316040039       0.63275218009948730     
   5.1486316133930131E-315  0.53526091575622559       0.13113093376159668     
   5.2163414129434760E-315  0.78996729850769043       0.98079895973205566     
   5.1817795842795491E-315  0.88636660575866699       0.16622638702392578     
   5.0759988251716332E-315  0.62603425979614258       0.75974225997924805     
   5.2058086053034189E-315  0.96620297431945801       0.97679352760314941     
   5.1041944006000114E-315  0.43609547615051270       0.45909714698791504     
   5.1855785538435516E-315   2.9010295867919922E-002  0.57860970497131348     
   5.1411530405250434E-315  0.44335532188415527       0.47659230232238770     
   5.1611702880299340E-315  0.12585306167602539       0.21604776382446289     
   5.1212171359880841E-315  0.88004064559936523       0.84455394744873047     
   5.1850595872891599E-315  0.41389513015747070       0.33648085594177246     
   5.2045189358667666E-315  0.21764159202575684       0.90510320663452148     
