  0.08277  0.15016  0.56027      0.14    1    0
  0.12102  0.00853  0.61661      0.14    2    0
  0.24453  0.04116  0.66169      0.14    3    0
  0.22020  0.02358  0.18225      0.13    4    0
  0.16008 -0.00711  0.68244      0.13    5    0
  0.09537  0.86838  0.01955      0.13    6    0
  0.18969  0.08622  0.20173      0.13    7    0
  0.07338  0.07214  0.50880      0.11    8    0
  0.18886 -0.00796  0.38907      0.11    9    0
  0.09853  0.94455  0.13811      0.11   10    0
  0.14763  0.18317  0.04491      0.11   11    0
  0.01283  0.73561  0.95156      0.11   12    0
  0.05076  0.21260  0.10565      0.10   13    0
  0.23792  0.03219  0.62260      0.10   14    0
  0.16641  0.16685  0.51852      0.10   15    0
  0.23656  0.96208  0.59874      0.10   16    0
  0.10779  0.01883  0.18758      0.10   17    0
  0.19759  0.09911  0.60631      0.10   18    0
  0.17188  0.14062  0.54688      0.10   19    1
  0.09406  0.21112  0.54146      0.10   20    0
  0.23134  0.82969  0.40920      0.09   21    0
  0.15062  0.14599  0.83699      0.09   22    0
  0.02425  0.43724  0.82538      0.09   23    0
  0.08215  0.94794  0.65512      0.09   24    0
  0.22016  0.95846  0.65084      0.09   25    0
  0.11912  0.11200  0.99122      0.09   26    0
  0.15625  0.07812  0.63281      0.09   27    1
  0.23794  0.81434  0.77577      0.09   28    0
  0.18661  0.50911  0.81137      0.09   29    0
  0.13477  0.64529  0.47198      0.09   30    0
  0.06185  0.14977  0.52623      0.09   31    0
  0.21998  0.09782  0.04235      0.08   32    0
  0.05136 -0.00745  0.49334      0.08   33    0
  0.13815  0.86325  0.32548      0.08   34    0
  0.13384  0.09031  0.57110      0.08   35    0
  0.23924  0.47130  0.08089      0.08   36    0
  0.07248  0.71336  0.14836      0.08   37    0
  0.14983  0.00564  0.65090      0.08   38    0
  0.09213  0.40451  0.38913      0.08   39    0
  0.03738  0.54733  0.77772      0.08   40    0
  0.13254  0.66751  0.73704      0.08   41    0
  0.23438  0.04688  0.41406      0.08   42    1
  0.21844  0.22706  0.54086      0.08   43    0
  0.10941  0.06087  0.16119      0.08   44    0
  0.16032  0.85123  0.52149      0.08   45    0
  0.15626  0.04899  0.10835      0.08   46    0
  0.08909  0.65983  0.66515      0.08   47    0
  0.01967  0.66845  0.74564      0.08   48    0
  0.13571  0.32778  0.40811      0.08   49    0
  0.22708  0.98456  0.75077      0.08   50    0
  0.00159  0.27259  0.97285      0.08   51    0
  0.09047  0.87849  0.12567      0.08   52    0
  0.02400  0.01222  0.64414      0.08   53    0
  0.19446  0.84465  0.04835      0.08   54    0
  0.03776  0.01077  0.68286      0.08   55    0
  0.14983  0.93904  0.90861      0.08   56    0
  0.22564  0.15838  0.02275      0.08   57    0
  0.07214  0.93576  0.63547      0.07   58    0
  0.01304  0.50923  0.63408      0.07   59    0
  0.10551  0.73670  0.23469      0.07   60    0
  0.04934  0.77412  0.12634      0.07   61    0
  0.11447  0.67837  0.18679      0.07   62    0
  0.12867  0.05316  0.73897      0.07   63    0
  0.22502  0.64454  0.39089      0.07   64    0
  0.05070  0.60663  0.16127      0.07   65    0
  0.21840  0.30242  0.17983      0.07   66    0
  0.18766  0.11505  0.79990      0.07   67    0
  0.22776  0.89365  0.75721      0.07   68    0
  0.06250  0.07812  0.53906      0.07   69    1
  0.17835  0.82400  0.26454      0.07   70    0
  0.10016  0.96002  0.93623      0.07   71    0
  0.15625  0.76562  0.19531      0.07   72    1
  0.05505  0.02472  0.95265      0.07   73    0
  0.15547  0.68078  0.35902      0.07   74    0
  0.12232  0.44898  0.64738      0.07   75    0
  0.07406  0.93663  0.68495      0.07   76    0
  0.10938  0.89062  0.83594      0.07   77    1
  0.00413  0.37539  0.51060      0.07   78    0
  0.24344  0.93907  0.23491      0.07   79    0
  0.12390  0.59039  0.68181      0.07   80    0
  0.06121  0.12067  0.10722      0.07   81    0
  0.01256  0.05374  0.20673      0.07   82    0
  0.20382  0.92842  0.30369      0.07   83    0
  0.05601  0.61890  0.71174      0.07   84    0
  0.12570  0.00797  0.55172      0.07   85    0
  0.21875  0.84375  0.28906      0.07   86    1
  0.12500  0.12500  0.02344      0.07   87    1
  0.08603  0.15729  0.07988      0.07   88    0
  0.21344  0.89401  0.01037      0.07   89    0
  0.00723  0.67528  0.17938      0.07   90    0
  0.10346  0.13707  0.05732      0.07   91    0
  0.12371  0.94068  0.03756      0.07   92    0
  0.07420  0.21519  0.47760      0.07   93    0
  0.02293  0.19907  0.03252      0.07   94    0
  0.03125  0.21875  0.51562      0.07   95    1
