  0.16665  0.48990  0.96791      0.22    1    0
  0.00634  0.46612  0.46831      0.22    2    0
  0.19465  0.35884  0.56418      0.20    3    0
  0.03325  0.60083  0.58050      0.16    4    0
  0.18198  0.28329  0.65194      0.15    5    0
  0.00380  0.03525  0.97215      0.14    6    0
  0.08104  0.44020  0.98793      0.13    7    0
  0.11202  0.42631  0.95012      0.13    8    0
  0.06842  0.13836  0.19112      0.13    9    0
  0.22599  0.48426  0.47771      0.12   10    0
  0.23970  0.21751  0.19711      0.12   11    0
  0.05486  0.83784  0.73093      0.12   12    0
  0.00182  0.47226  0.76863      0.11   13    0
  0.24541  0.70093  0.56516      0.11   14    0
  0.11472  0.56168  0.95472      0.11   15    0
  0.18424  0.43580  0.42439      0.11   16    0
  0.13657  0.23438  0.83830      0.11   17    0
  0.01151  0.11452  0.88324      0.11   18    0
  0.11103  0.50062  0.69967      0.10   19    0
  0.21343 -0.00349  0.02140      0.10   20    0
  0.08542  0.28433  0.09559      0.10   21    0
  0.11685  0.49874  0.00536      0.10   22    0
  0.05239  0.61814  0.77513      0.10   23    0
  0.05773  0.47668  0.17945      0.10   24    0
  0.16742  0.20664  0.67082      0.10   25    0
  0.22105  0.98661  0.05309      0.10   26    0
  0.17188  0.29688  0.61719      0.10   27    1
  0.01585  0.81007  0.93030      0.10   28    0
  0.06789  0.05145  0.77741      0.10   29    0
  0.07690  0.22231  0.34071      0.10   30    0
  0.04948  0.01797  0.22740      0.09   31    0
  0.25000  0.81250  0.93750      0.09   32    1
  0.25000  0.18750  0.43750      0.09   33    1
  0.10188  0.36279  0.03887      0.09   34    0
  0.22586  0.55835  0.51961      0.09   35    0
  0.17870  0.13323  0.65084      0.09   36    0
  0.10670  0.35972  0.00224      0.09   37    0
  0.00783  0.14437  0.22499      0.09   38    0
  0.05540  0.83636  0.68858      0.09   39    0
  0.19636  0.22602  0.16569      0.09   40    0
  0.13486  0.35670  0.97306      0.09   41    0
  0.05087  0.77282  0.41777      0.09   42    0
  0.06764  0.42501  0.41657      0.09   43    0
  0.13364  0.22288  0.63861      0.08   44    0
  0.15000  0.32744  0.06672      0.08   45    0
  0.19350  0.61729  0.46730      0.08   46    0
  0.18764  0.91748  0.74070      0.08   47    0
  0.23723  0.48400  0.44873      0.08   48    0
  0.15873  0.78107  0.34636      0.08   49    0
  0.00377  0.04499  0.04035      0.08   50    0
  0.02331  0.98326  0.79846      0.08   51    0
  0.04689  0.31765  0.29438      0.08   52    0
  0.23900  0.54800  0.76253      0.08   53    0
  0.05842  0.61536  0.17916      0.08   54    0
  0.03125  0.53125  0.49219      0.08   55    1
  0.09048  0.68582  0.07148      0.08   56    0
  0.22818  0.68165  0.57127      0.08   57    0
  0.11253  0.49235  0.90326      0.08   58    0
  0.05968  0.12132  0.39109      0.08   59    0
  0.22767  0.94510  0.34540      0.08   60    0
  0.10526  0.48416  0.77655      0.08   61    0
  0.17188  0.14062  0.92188      0.08   62    1
  0.13843  0.27897  0.75069      0.08   63    0
  0.15737  0.36741  0.81351      0.08   64    0
  0.08516  0.03020  0.57881      0.08   65    0
  0.03757  0.90290  0.67756      0.07   66    0
  0.10579  0.60284  0.05575      0.07   67    0
  0.07150  0.25110  0.57725      0.07   68    0
  0.02692  0.72383  0.87261      0.07   69    0
  0.01562  0.95312  0.91406      0.07   70    1
  0.21647  0.14938  0.24989      0.07   71    0
  0.21875  0.34375  0.59375      0.07   72    1
  0.09861  0.27271  0.69423      0.07   73    0
  0.13255  0.77939  0.70047      0.07   74    0
  0.25000  0.65625  0.12500      0.07   75    1
  0.25000  0.34375  0.62500      0.07   76    1
  0.00154  0.76692  0.38923      0.07   77    0
  0.12161  0.48102  0.45514      0.07   78    0
  0.13009  0.56312  0.75493      0.07   79    0
  0.18577  0.54238  0.23606      0.07   80    0
  0.22744  0.47079  0.70322      0.07   81    0
  0.00524  0.18783  0.13248      0.07   82    0
  0.16498  0.97440  0.60075      0.07   83    0
  0.06250  0.53125  0.22656      0.07   84    1
  0.00239  0.61659  0.47788      0.07   85    0
  0.07113  0.18390  0.59898      0.07   86    0
  0.06870  0.90319 -0.03002      0.07   87    0
  0.18474  0.36075  0.77382      0.07   88    0
  0.17200  0.52082  0.41872      0.07   89    0
  0.06821  0.67207  0.83046      0.07   90    0
  0.05673  0.71554  0.49928      0.07   91    0
  0.11406  0.64271  0.30532      0.07   92    0
  0.04421  0.56637  0.72451      0.07   93    0
  0.19093  0.28865  0.58435      0.06   94    0
  0.22973  0.51711  0.90878      0.06   95    0
