  0.25000  0.21875  0.84375      0.79    1    1
  0.25000  0.78125  0.34375      0.79    2    1
  0.21875  0.34375  0.48438      0.45    3    1
  0.21875  0.65625  0.45312      0.45    4    1
  0.09375  0.53125  0.00000      0.43    5    1
  0.03125  0.50000  0.51562      0.42    6    1
  0.18750  0.31250  0.39062      0.41    7    1
  0.03125  0.59375  0.50000      0.40    8    1
  0.21875  0.56250  0.56250      0.37    9    1
  0.09375  0.53125  0.03125      0.36   10    1
  0.00000  0.59375  0.46875      0.35   11    1
  0.00000  0.09375  0.03125      0.35   12    1
  0.06250  0.65625  0.40625      0.35   13    1
  0.06250  0.37500  0.81250      0.35   14    1
  0.25000  0.71875  0.39062      0.35   15    1
  0.25000  0.28125  0.89062      0.35   16    1
  0.03125  0.93750  0.00000      0.35   17    1
  0.12500  0.46875  0.29688      0.34   18    1
  0.15625  0.50000  0.51562      0.33   19    1
  0.15625  0.28125  0.42188      0.32   20    1
  0.18750  0.68750  0.42188      0.32   21    1
  0.12500  0.34375  0.45312      0.31   22    1
  0.21875  0.43750  0.73438      0.27   23    1
  0.18750  0.31250  0.35938      0.27   24    1
  0.15625  0.03125  0.71875      0.27   25    1
  0.09375  0.06250  0.50000      0.27   26    1
  0.21875  0.28125  0.93750      0.26   27    1
  0.06250  0.46875  0.09375      0.25   28    1
  0.25000  0.21875  0.87500      0.25   29    1
  0.25000  0.78125  0.37500      0.25   30    1
  0.09375  0.18750  0.57812      0.25   31    1
  0.12500  0.81250  0.81250      0.24   32    1
  0.25000  0.37500  0.87500      0.24   33    1
  0.25000  0.62500  0.37500      0.24   34    1
  0.12500  0.75000  0.29688      0.24   35    1
  0.09375  0.65625  0.43750      0.24   36    1
  0.06250  0.62500  0.95312      0.24   37    1
  0.21875  0.15625  0.25000      0.24   38    1
  0.15625  0.75000  0.32812      0.24   39    1
  0.21875  0.06250  0.50000      0.24   40    1
  0.25000  0.65625  0.34375      0.23   41    1
  0.15625  0.53125  0.81250      0.23   42    1
  0.25000  0.34375  0.84375      0.23   43    1
  0.12500  0.53125  0.10938      0.23   44    1
  0.09375  0.96875  0.45312      0.23   45    1
  0.12500  0.53125  0.78125      0.22   46    1
  0.18750  0.40625  0.25000      0.22   47    1
  0.18750  0.21875  0.34375      0.22   48    1
  0.09375  0.59375  0.85938      0.22   49    1
  0.00000  0.46875  0.31250      0.22   50    1
  0.00000  0.96875  0.18750      0.22   51    1
  0.21875  0.12500  0.79688      0.21   52    1
  0.06250  0.12500  0.56250      0.21   53    1
  0.12500  0.53125  0.96875      0.21   54    1
  0.03125  0.53125  0.54688      0.21   55    1
  0.03125  0.53125  0.40625      0.21   56    1
  0.15625  0.65625  0.92188      0.20   57    1
  0.09375  0.81250  0.34375      0.20   58    1
  0.12500  0.46875  0.95312      0.20   59    1
  0.18750  0.65625  0.81250      0.20   60    1
  0.06250  0.71875  0.42188      0.20   61    1
  0.15625  0.65625  0.96875      0.20   62    1
  0.03125  0.12500  0.18750      0.20   63    1
  0.09375  0.53125  0.93750      0.20   64    1
  0.09375  0.46875  0.01562      0.19   65    1
  0.18750  0.12500  0.29688      0.19   66    1
  0.12500  0.90625  0.95312      0.19   67    1
  0.06250  0.96875  0.39062      0.19   68    1
  0.00000  0.93750  0.81250      0.19   69    1
  0.00000  0.43750  0.68750      0.19   70    1
  0.18750  0.18750  0.79688      0.19   71    1
  0.03125  0.12500  0.53125      0.19   72    1
  0.06250  0.90625  0.54688      0.19   73    1
  0.21875  0.21875  0.67188      0.19   74    1
  0.18750  0.68750  0.56250      0.18   75    1
  0.00000  0.43750  0.60938      0.18   76    1
  0.00000  0.93750  0.89062      0.18   77    1
  0.21875  0.71875  0.35938      0.18   78    1
  0.25000  0.93750  0.28125      0.18   79    1
  0.25000  0.06250  0.78125      0.18   80    1
