   1   9  16  1.39  1.37 124.6
   2   8  13  1.37  1.45 122.5
   3  29  62  1.32  1.56  97.3
   6  16  51  1.53  1.51 110.4
   6  16  54  1.53  1.55 103.5
   6  51  54  1.51  1.55 114.5
   8   2   7  1.37  1.26 120.3
   8   2  14  1.37  1.42 118.0
   8   7  14  1.26  1.42 121.5
   9   1  17  1.39  1.38 118.1
   9   1  19  1.39  1.28 114.1
   9  17  19  1.38  1.28 127.0
  11  35  49  1.34  1.28 117.8
  12   4  13  1.39  1.39 119.7
  12   4  32  1.39  1.32 121.0
  12  13  32  1.39  1.32 118.6
  13   2  12  1.45  1.39 111.4
  13   2  58  1.45  1.52 113.7
  13  12  58  1.39  1.52 118.2
  14   8  23  1.42  1.41 106.1
  14   8  46  1.42  1.52 115.5
  14  23  46  1.41  1.52 122.9
  16   1   6  1.37  1.53 110.7
  17   9  20  1.38  1.38 121.0
  17   9  22  1.38  1.66 110.8
  17  20  22  1.38  1.66 108.0
  18  35  38  1.56  1.29 123.2
  18  35  40  1.56  1.48 114.8
  18  38  40  1.29  1.48 120.9
  22  17  47  1.66  1.47 115.9
  22  17  55  1.66  1.48 107.2
  22  47  55  1.47  1.48 124.2
  24  29  40  1.51  1.40 105.7
  25  10  34  1.19  1.39 116.6
  25  10  37  1.19  1.54 125.9
  25  34  37  1.39  1.54 116.6
  26  42  48  1.42  1.65 100.5
  29   3  24  1.32  1.51 113.3
  29   3  56  1.32  1.35 122.1
  29  24  56  1.51  1.35 124.5
  30  34  49  1.40  1.61 108.1
  30  34  52  1.40  1.45 127.9
  30  49  52  1.61  1.45 110.0
  31  44  50  1.49  1.58 114.6
  33  45  48  1.40  1.51 128.5
  34  25  30  1.39  1.40 130.2
  35  11  18  1.34  1.56 106.7
  37  15  25  1.47  1.54 105.1
  38  18  61  1.29  1.38 129.0
  40  18  24  1.48  1.40 114.9
  45  33  59  1.40  1.47 115.2
  46  14  41  1.52  1.54 111.6
  46  14  43  1.52  1.53 117.2
  46  41  43  1.54  1.53 117.3
  48  26  33  1.65  1.51 103.9
  49  11  21  1.28  1.27 117.2
  49  11  30  1.28  1.61 116.5
  49  21  30  1.27  1.61 121.3
  50  28  31  1.42  1.58 115.7
  62   3  60  1.56  1.19 116.5
