   0   3   4   3.920   1.570
   6   0   1   3.130   1.570
   5   0  35   2.740  -1.570
   0   7  27   2.650   1.570
   6  12   0   2.940   0.000
   2  14   0   2.930  -3.140
   0   6  30   2.600   0.000
   4  14   0   2.830   0.000
   0   2   4   2.420   0.000
   8   0  12   2.370   3.140
   0   4  16   2.350   3.140
   2   2   0   2.340   0.000
   0   8  36   2.300   0.000
   2   0  22   2.280   3.140
   4   0  32   2.200  -3.140
   4   2   0   2.170  -3.140
   0  12  26   2.050   0.000
   6   0  18   2.020   0.000
   8   0  20   2.020   0.000  end 222 zone
   0   7  30   3.690  -1.570
   4   0  37   2.930   1.570
   0   7  14   2.760   1.570
   5   0   6   2.690   3.140
   0  14   3   2.630   0.000
   6   0   3   2.630   1.570
   0   5  25   2.610   1.570
   7   0  16   2.600  -3.140
   0   7  32   2.560  -1.570
   8   0  19   2.530  -1.570
   0   8   7   2.470   3.140
   3  15   0   2.390  -1.570
   0   6  31   2.290   3.140
   0  13   3   2.290   1.570
   0   7  25   2.290   1.570
   0   1  20   2.230  -1.570
   0  15   6   2.230   1.570
   2   0  31   2.170   1.570
   0   3  34   2.150   1.570
   0   2  22   2.140   3.140
   0   3   9   2.140  -1.570
   0   3  29   2.120   1.570
   1   7   0   2.100   1.570
   1   1   0   2.100   1.570
   1  14   0   2.100   1.570
   0  11   3   2.080   1.570
   3   9   0   2.060   1.570
   0  12   7   2.030   0.000
   8   0   9   2.010   1.570
   3   0  33   2.000   1.570
   6   0  28   1.950   3.140
   0   2  27   1.940   3.140
   1   0  18   1.940   0.000
   0   9  26   1.930  -1.570
   0   4  31   1.920  -3.140
   0   5  10   1.910   1.570
   0   0   8   1.900   3.140
  10   0  10   1.890   0.000
   4   0  20   1.890   0.000
   4   0   9   1.890  -1.570
   0  14   1   1.880   3.140
   5   0  11   1.860  -1.570
   6   0   4   1.860   0.000
   0   9   2   1.850  -1.570
   0   0  40   1.850   0.000
   5   0  21   1.850  -1.570
   0  11  14   1.840   1.570
   2   6   0   1.830   3.140
   0   6  13   1.820   0.000
   3   0  20   1.820   0.000
   2   0  10   1.820   0.000
   8   4   0   1.810   0.000
   0   1  10   1.790  -1.570
   8   0  14   1.790   0.000
   0   4  12   1.780   0.000
   4  13   0   1.780   3.140
   0   8  12   1.780   3.140
   0   5  31   1.770   1.570
   5   6   0   1.770  -1.570
   7   0  24   1.770   0.000
   7   0   4   1.750   0.000
   0  16   2   1.750  -3.140
   0   8   6   1.750   0.000
   0   8   9   1.750   0.000
   9   4   0   1.750   1.570
   0   8  25   1.740   3.140
   0   1  37   1.740   1.570
   0   4  21   1.730   0.000
   0   3   2   1.720   1.570
   0   7  26   1.720  -1.570
   2   0  17   1.720   1.570
   9   0   7   1.710  -1.570
   3   0   7   1.710  -1.570
   0  13  11   1.700   1.570
   0   1  18   1.700  -1.570
   0   2  33   1.700  -3.140
   2   1   0   1.700   0.000
   2   0   2   1.690   0.000
   2   0  26   1.690   3.140
   7  13   0   1.690   1.570
   9   7   0   1.690  -1.570
   9   0  17   1.680   1.570
   0  15  13   1.680  -1.570
   0   5  27   1.650   1.570
   0  16   1   1.650   3.140
   5   0  31   1.640  -1.570
   0  10  10   1.640   0.000
   0  16  12   1.640   3.140
   4   0  24   1.640   0.000
   7  12   0   1.630  -1.570
   4   0  33   1.630  -1.570
  10   0  14   1.620   0.000
   0   8  11   1.620   3.140
   7   0  22   1.620   0.000
   0  16   3   1.620   0.000
   1   0   2   1.610   0.000
   0   1  38   1.610   1.570
   1   0  19   1.600  -1.570
   0   9  31   1.600   1.570
   0   6   2   1.590   0.000
   8   0  21   1.590  -1.570
   0  12   0   1.590   3.140
   0   0  20   1.590   3.140
   7   0  15   1.590   1.570
   0  13  18   1.580   1.570
   0   7   5   1.570  -1.570
  10   0  12   1.570   0.000
   0   4  18   1.560   3.140
   0   4  19   1.560   3.140
   0   1  25   1.560  -1.570
  10   0  16   1.540   0.000
   0   5  34   1.540  -1.570
   3   0  27   1.530   1.570
   0   2  12   1.530  -3.140
   0   0  26   1.520  -3.140
   9   0  11   1.520  -1.570
   0   9  18   1.520   1.570
