    1   84    3  100  100    1    0   84    0 45.0
      1 100  0.354  0.472  92.9  19.5
      3 100  0.351  0.475  93.1  17.7
      5 100  0.450  0.312  91.2  29.0
      7 100  0.424  0.368  91.7  30.3
      9 100  0.456  0.292  91.9  27.2
     11 100  0.350  0.480  92.3  17.9
     13 100  0.473  0.286  91.5  30.4
     15 100  0.470  0.289  90.5  31.0
     17 100  0.437  0.331  90.7  27.6
     19 100  0.453  0.313  91.6  28.1
     21 100  0.465  0.284  90.8  29.5
     23 100  0.441  0.322  91.0  29.4
     25 100  0.350  0.474  92.7  17.3
     27 100  0.356  0.479  92.8  19.5
     29 100  0.461  0.305  91.5  34.1
     31 100  0.352  0.479  92.9  18.1
     33 100  0.348  0.475  92.5  16.5
     35 100  0.458  0.302  91.6  29.6
     37 100  0.482  0.280  90.1  34.4
     39 100  0.448  0.322  90.7  30.5
     41 100  0.486  0.269  91.4  29.7
     43 100  0.445  0.323  90.7  27.4
     45 100  0.458  0.299  91.7  33.4
     47 100  0.468  0.289  90.4  29.7
     49 100  0.465  0.281  91.3  29.5
     51 100  0.441  0.336  92.4  29.1
     53 100  0.458  0.319  91.5  31.1
     55 100  0.465  0.303  91.7  35.6
     57 100  0.434  0.330  92.2  25.5
     59 100  0.468  0.302  91.2  32.7
     61 100  0.454  0.309  89.9  30.9
     63 100  0.352  0.475  92.8  17.5
     65 100  0.485  0.280  90.9  41.3
     67 100  0.470  0.294  91.8  31.6
     69 100  0.482  0.274  90.6  29.8
     71 100  0.465  0.291  90.8  33.5
     73 100  0.476  0.290  92.1  35.4
     75 100  0.461  0.308  91.8  32.6
     77 100  0.459  0.311  91.7  32.7
     79 100  0.455  0.304  91.1  32.9
     81 100  0.349  0.476  92.5  18.6
     83 100  0.446  0.317  91.4  28.3
     85 100  0.461  0.304  91.0  29.1
     87 100  0.464  0.294  91.8  30.1
     89 100  0.355  0.472  92.5  18.3
     91 100  0.469  0.282  90.9  32.9
     93 100  0.452  0.317  91.1  32.7
     95 100  0.467  0.290  91.1  33.6
     97 100  0.462  0.299  91.0  32.4
     99 100  0.360  0.469  92.6  19.7
    101 100  0.464  0.287  92.5  29.3
    103 100  0.460  0.304  91.3  24.8
    105 100  0.444  0.311  92.0  28.7
    107 100  0.457  0.301  91.1  31.6
    109 100  0.476  0.272  91.6  31.7
    111 100  0.353  0.479  92.7  18.2
    113 100  0.446  0.322  90.6  31.1
    115 100  0.472  0.272  91.0  33.0
    117 100  0.482  0.281  92.0  35.3
    119 100  0.469  0.285  91.3  29.9
    121 100  0.467  0.277  92.7  32.6
    123 100  0.353  0.479  92.6  18.1
    125 100  0.478  0.284  91.1  32.9
    127 100  0.465  0.300  92.3  28.4
    129 100  0.420  0.385  91.8  26.4
    131 100  0.436  0.349  91.9  30.1
    133 100  0.441  0.323  92.3  33.5
    135 100  0.470  0.289  91.6  33.2
    137 100  0.466  0.293  91.3  32.6
    139 100  0.447  0.315  91.9  28.6
    141 100  0.447  0.325  90.9  28.2
    143 100  0.485  0.274  90.8  33.8
    145 100  0.463  0.297  91.0  29.9
    147 100  0.467  0.282  91.2  31.6
    149 100  0.436  0.332  91.8  26.5
    151 100  0.434  0.362  91.7  29.0
    153 100  0.469  0.298  91.6  28.9
    155 100  0.416  0.376  91.2  26.8
    157 100  0.453  0.328  92.0  30.8
    159 100  0.458  0.305  91.5  31.7
    161 100  0.414  0.380  91.9  24.8
    163 100  0.466  0.300  90.7  32.0
    165 100  0.415  0.379  91.7  27.1
    167 100  0.355  0.472  92.3  18.8
    169 100  0.468  0.289  91.1  32.5
    171 100  0.460  0.308  92.0  35.5
    173 100  0.465  0.299  91.1  31.8
    175 100  0.475  0.280  92.3  33.5
    177 100  0.445  0.330  91.8  32.4
    179 100  0.485  0.273  90.7  37.6
    181 100  0.456  0.309  90.4  28.8
    183 100  0.465  0.292  91.4  29.8
    185 100  0.454  0.302  90.7  30.0
    187 100  0.423  0.365  91.6  28.1
    189 100  0.461  0.290  90.6  29.5
    191 100  0.445  0.315  92.6  27.6
    193 100  0.468  0.302  91.8  34.9
    195 100  0.445  0.335  92.4  30.2
    197 100  0.458  0.308  91.6  31.1
    199 100  0.452  0.309  91.1  29.6
 Total time =   10.438 Minutes
 PS =    2.912 SF =    1.277 FR =    5.631 PPK =    0.618 Minutes
