 PS =    1.130 SF =    0.676 FR =    3.519 PPK =    0.644 Minutes
    1   84    3  100  100    1    0   84    0 45.0
      1 100  0.350  0.479  93.0  17.0
      5 100  0.351  0.478  92.9  16.5
     15 100  0.352  0.477  92.4  18.6
    121 100  0.352  0.484  92.8  17.7
     61 100  0.353  0.482  92.7  18.8
     87 100  0.402  0.396  91.7  23.0
      3 100  0.410  0.384  91.4  27.4
    161 100  0.411  0.391  91.6  25.6
     55 100  0.413  0.383  91.6  24.0
     33 100  0.420  0.354  92.1  23.4
     91 100  0.430  0.356  92.1  26.8
     35 100  0.431  0.329  91.8  23.9
    119 100  0.433  0.336  90.9  24.8
    109 100  0.433  0.354  92.4  26.0
     89 100  0.434  0.351  91.3  26.3
     93 100  0.436  0.335  92.0  26.0
    185 100  0.436  0.337  90.9  23.3
    155 100  0.437  0.327  91.4  26.0
     25 100  0.439  0.331  92.4  27.0
     51 100  0.440  0.328  92.1  28.7
     99 100  0.441  0.323  90.5  27.3
     67 100  0.441  0.328  91.4  29.7
    175 100  0.443  0.328  90.8  32.4
     17 100  0.444  0.326  90.9  26.8
    123 100  0.444  0.331  92.4  29.9
     95 100  0.445  0.312  91.8  22.8
    195 100  0.445  0.325  92.0  27.4
    183 100  0.446  0.303  91.1  25.8
     31 100  0.446  0.335  92.1  28.1
    159 100  0.447  0.309  91.9  29.9
    115 100  0.447  0.318  91.2  28.8
     73 100  0.448  0.310  89.7  27.9
    147 100  0.449  0.308  91.7  32.8
     13 100  0.449  0.313  90.7  29.4
    117 100  0.450  0.309  90.3  28.8
    105 100  0.450  0.317  91.5  26.0
    137 100  0.451  0.319  90.2  27.6
     59 100  0.451  0.326  91.1  28.3
    157 100  0.452  0.311  91.9  31.2
     11 100  0.452  0.313  90.5  28.7
     85 100  0.452  0.313  91.5  28.5
     37 100  0.452  0.315  91.2  34.7
    103 100  0.452  0.322  91.7  30.0
     71 100  0.453  0.302  90.2  27.4
    189 100  0.453  0.314  90.7  27.4
     39 100  0.454  0.303  91.3  28.1
     19 100  0.454  0.311  90.8  26.8
     75 100  0.454  0.312  91.3  28.0
    163 100  0.455  0.296  91.5  33.1
    151 100  0.455  0.303  90.6  32.5
     63 100  0.455  0.311  91.5  32.1
     45 100  0.455  0.315  91.3  29.0
    139 100  0.456  0.303  91.4  33.6
      9 100  0.456  0.309  91.6  29.6
     81 100  0.456  0.315  92.3  27.2
     23 100  0.456  0.316  91.2  30.3
    179 100  0.457  0.305  91.8  31.0
    181 100  0.457  0.308  91.2  28.9
     79 100  0.457  0.324  92.1  28.5
    169 100  0.458  0.306  91.8  30.1
    187 100  0.458  0.307  91.1  28.7
     57 100  0.458  0.308  89.8  30.5
    177 100  0.458  0.312  91.9  28.9
     29 100  0.459  0.294  91.9  27.1
     77 100  0.459  0.295  91.5  29.9
    143 100  0.459  0.297  91.5  29.0
    197 100  0.459  0.304  90.8  31.6
     97 100  0.459  0.304  91.5  26.8
    111 100  0.459  0.314  90.4  30.4
     41 100  0.460  0.299  89.3  29.0
    171 100  0.460  0.305  91.6  29.9
     53 100  0.461  0.293  91.7  29.9
     65 100  0.461  0.306  91.0  33.8
    199 100  0.462  0.296  92.2  30.1
     49 100  0.462  0.299  89.9  31.0
    191 100  0.462  0.301  90.7  28.2
     47 100  0.462  0.302  90.3  31.5
      7 100  0.462  0.311  90.6  33.1
    167 100  0.462  0.312  91.3  28.1
    135 100  0.463  0.294  91.3  29.8
    145 100  0.463  0.301  91.6  27.9
    129 100  0.464  0.296  90.8  32.0
    113 100  0.464  0.296  91.2  27.8
    133 100  0.464  0.299  90.9  32.0
     43 100  0.465  0.301  92.3  27.6
    107 100  0.465  0.308  91.8  38.8
    141 100  0.466  0.293  90.6  27.6
    125 100  0.466  0.294  92.2  27.5
     69 100  0.466  0.299  90.1  32.4
     21 100  0.467  0.296  91.4  30.0
    173 100  0.468  0.295  90.5  31.1
    153 100  0.469  0.282  90.8  31.8
     27 100  0.469  0.289  91.7  29.0
    127 100  0.470  0.288  91.0  29.6
    101 100  0.471  0.289  91.6  27.6
    131 100  0.472  0.293  91.9  28.6
    165 100  0.473  0.284  90.5  29.4
    149 100  0.475  0.288  90.8  29.6
    193 100  0.478  0.285  90.8  32.3
     83 100  0.479  0.282  91.3  31.0
 Total time =    5.969 Minutes
